0|002298.SZ|1|1|1
0|002467.SZ|1|2|2
1|600468.SH|1|3|3
0|002250.SZ|1|4|4
1|600610.SH|1|5|5
0|002639.SZ|1|6|6
0|002104.SZ|1|7|7
0|002177.SZ|1|8|8
1|603042.SH|1|9|9
0|000533.SZ|1|10|10
0|002471.SZ|1|11|11
1|603123.SH|1|12|12
0|002546.SZ|1|13|13
0|000701.SZ|1|14|14
1|603017.SH|1|15|15
1|605099.SH|1|16|16
1|605388.SH|1|17|17
0|000815.SZ|1|18|18
0|003040.SZ|1|19|19
0|300651.SZ|1|20|20
0|000506.SZ|1|21|21
0|002951.SZ|1|22|22
1|601789.SH|1|23|23
0|000599.SZ|1|24|24
0|002190.SZ|1|25|25
0|002366.SZ|1|26|26
0|002882.SZ|1|27|27
0|000722.SZ|1|28|28
0|000889.SZ|1|29|29
1|603019.SH|1|30|30
0|002735.SZ|1|31|31
1|603226.SH|1|32|32
0|300584.SZ|1|33|33
1|600221.SH|1|34|34
1|603879.SH|1|35|35
0|300368.SZ|1|36|36
0|300255.SZ|1|37|37
1|600800.SH|1|38|38
0|002082.SZ|1|39|39
1|600844.SH|1|40|40
1|601212.SH|1|41|41
1|603679.SH|1|42|42
1|600589.SH|1|43|43
1|600082.SH|1|44|44
0|002365.SZ|1|45|45
0|002657.SZ|1|46|46
0|002537.SZ|1|47|47
1|603086.SH|1|48|48
0|002716.SZ|1|49|49
0|000665.SZ|1|50|50
0|002261.SZ|1|51|51
0|300765.SZ|1|52|52
1|603906.SH|1|53|53
0|002213.SZ|1|54|54
0|002940.SZ|1|55|55
0|002522.SZ|1|56|56
1|603093.SH|1|57|57
1|600151.SH|1|58|58
0|002123.SZ|1|59|59
0|002734.SZ|1|60|60
1|603056.SH|1|61|61
0|002427.SZ|1|62|62
0|300921.SZ|1|63|63
1|603585.SH|1|64|64
0|000603.SZ|1|65|65
0|000409.SZ|1|66|66
0|300468.SZ|1|67|67
1|603333.SH|1|68|68
1|600939.SH|1|69|69
0|300963.SZ|1|70|70
0|000695.SZ|1|71|71
0|300340.SZ|1|72|72
0|002491.SZ|1|73|73
1|603032.SH|1|74|74
0|002153.SZ|1|75|75
0|300204.SZ|1|76|76
1|603083.SH|1|77|77
0|002826.SZ|1|78|78
1|603680.SH|1|79|79
0|002229.SZ|1|80|80
0|001298.SZ|1|81|81
0|002094.SZ|1|82|82
0|000903.SZ|1|83|83
0|002594.SZ|1|84|84
1|601086.SH|1|85|85
0|000558.SZ|1|86|86
0|002342.SZ|1|87|87
1|600519.SH|1|88|88
1|600735.SH|1|89|89
0|002475.SZ|1|90|90
1|600322.SH|1|91|91
1|603686.SH|1|92|92
0|000953.SZ|1|93|93
1|600178.SH|1|94|94
0|002391.SZ|1|95|95
0|002165.SZ|1|96|96
0|300546.SZ|1|97|97
0|000566.SZ|1|98|98
0|000981.SZ|1|99|99
1|600698.SH|1|100|100
0|002550.SZ|1|101|101
1|605033.SH|1|102|102
0|002130.SZ|1|103|103
0|300872.SZ|1|104|104
1|603011.SH|1|105|105
0|000625.SZ|1|106|106
0|000530.SZ|1|107|107
0|300502.SZ|1|108|108
0|300530.SZ|1|109|109
1|600794.SH|1|110|110
1|603829.SH|1|111|111
1|603045.SH|1|112|112
1|600644.SH|1|113|113
0|002431.SZ|1|114|114
1|600111.SH|1|115|115
0|000565.SZ|1|116|116
0|000158.SZ|1|117|117
1|600309.SH|1|118|118
0|002878.SZ|1|119|119
0|300065.SZ|1|120|120
1|600232.SH|1|121|121
0|000510.SZ|1|122|122
1|603300.SH|1|123|123
1|605005.SH|1|124|124
0|002074.SZ|1|125|125
1|600751.SH|1|126|126
未知|302132.SZ|1|127|127
1|603518.SH|1|128|128
1|600259.SH|1|129|129
0|002465.SZ|1|130|130
1|605136.SH|1|131|131
0|300095.SZ|1|132|132
0|002969.SZ|1|133|133
0|002115.SZ|1|134|134
0|002907.SZ|1|135|135
0|000977.SZ|1|136|136
1|603937.SH|1|137|137
0|002651.SZ|1|138|138
1|605066.SH|1|139|139
0|301306.SZ|1|140|140
1|688041.SH|1|141|141
0|002629.SZ|1|142|142
0|000831.SZ|1|143|143
0|002194.SZ|1|144|144
0|002090.SZ|1|145|145
0|002355.SZ|1|146|146
0|300059.SZ|1|147|147
0|002093.SZ|1|148|148
0|300570.SZ|1|149|149
1|603049.SH|1|150|150
1|603657.SH|1|151|151
0|000858.SZ|1|152|152
0|301316.SZ|1|153|153
1|603986.SH|1|154|154
0|002347.SZ|1|155|155
0|002055.SZ|1|156|156
0|300773.SZ|1|157|157
1|601008.SH|1|158|158
0|002037.SZ|1|159|159
0|002173.SZ|1|160|160
0|002065.SZ|1|161|161
0|002741.SZ|1|162|162
0|002317.SZ|1|163|163
0|300672.SZ|1|164|164
0|301005.SZ|1|165|165
2|835207.BJ|1|166|166
1|603169.SH|1|167|167
0|300308.SZ|1|168|168
0|002580.SZ|1|169|169
1|600126.SH|1|170|170
0|002345.SZ|1|171|171
1|601012.SH|1|172|172
1|600403.SH|1|173|173
0|300082.SZ|1|174|174
0|002265.SZ|1|175|175
1|600797.SH|1|176|176
1|601727.SH|1|177|177
1|603390.SH|1|178|178
0|300476.SZ|1|179|179
1|600760.SH|1|180|180
0|002184.SZ|1|181|181
0|000678.SZ|1|182|182
0|002992.SZ|1|183|183
0|300674.SZ|1|184|184
0|300766.SZ|1|185|185
0|002519.SZ|1|186|186
0|003035.SZ|1|187|187
1|600250.SH|1|188|188
0|002717.SZ|1|189|189
1|600550.SH|1|190|190
0|002463.SZ|1|191|191
1|688316.SH|1|192|192
0|300435.SZ|1|193|193
0|002195.SZ|1|194|194
1|600105.SH|1|195|195
1|601007.SH|1|196|196
1|600650.SH|1|197|197
0|300920.SZ|1|198|198
0|002549.SZ|1|199|199
0|000826.SZ|1|200|200
1|603900.SH|1|201|201
0|003010.SZ|1|202|202
1|600900.SH|1|203|203
0|002640.SZ|1|204|204
0|002258.SZ|1|205|205
1|605122.SH|1|206|206
1|603106.SH|1|207|207
0|002510.SZ|1|208|208
1|600392.SH|1|209|209
1|603392.SH|1|210|210
1|600839.SH|1|211|211
0|000735.SZ|1|212|212
0|300513.SZ|1|213|213
0|002648.SZ|1|214|214
0|002339.SZ|1|215|215
1|600186.SH|1|216|216
0|002900.SZ|1|217|217
0|000737.SZ|1|218|218
0|002040.SZ|1|219|219
0|002669.SZ|1|220|220
1|603577.SH|1|221|221
0|002015.SZ|1|222|222
0|002456.SZ|1|223|223
0|002103.SZ|1|224|224
1|605006.SH|1|225|225
0|000066.SZ|1|226|226
1|603332.SH|1|227|227
1|601127.SH|1|228|228
1|603993.SH|1|229|229
0|002395.SZ|1|230|230
1|600170.SH|1|231|231
0|002617.SZ|1|232|232
0|000810.SZ|1|233|233
1|603823.SH|1|234|234
1|603688.SH|1|235|235
0|000063.SZ|1|236|236
0|002987.SZ|1|237|237
1|600279.SH|1|238|238
0|000426.SZ|1|239|239
0|002335.SZ|1|240|240
0|002846.SZ|1|241|241
1|601933.SH|1|242|242
0|002278.SZ|1|243|243
1|688163.SH|1|244|244
0|000677.SZ|1|245|245
1|688062.SH|1|246|246
1|603023.SH|1|247|247
1|600276.SH|1|248|248
1|601858.SH|1|249|249
0|002605.SZ|1|250|250
0|002227.SZ|1|251|251
0|300474.SZ|1|252|252
0|300394.SZ|1|253|253
0|000989.SZ|1|254|254
1|603068.SH|1|255|255
0|301026.SZ|1|256|256
0|002148.SZ|1|257|257
0|000552.SZ|1|258|258
0|002574.SZ|1|259|259
1|601138.SH|1|260|260
0|300804.SZ|1|261|261
0|002570.SZ|1|262|262
0|000333.SZ|1|263|263
0|002031.SZ|1|264|264
1|600006.SH|1|265|265
0|300945.SZ|1|266|266
0|002131.SZ|1|267|267
0|002583.SZ|1|268|268
0|300846.SZ|1|269|269
0|002418.SZ|1|270|270
0|002584.SZ|1|271|271
0|300548.SZ|1|272|272
1|601398.SH|1|273|273
0|000559.SZ|1|274|274
1|603076.SH|1|275|275
0|002731.SZ|1|276|276
0|002809.SZ|1|277|277
1|603956.SH|1|278|278
0|001258.SZ|1|279|279
0|002255.SZ|1|280|280
1|600410.SH|1|281|281
0|300607.SZ|1|282|282
1|600551.SH|1|283|283
1|600418.SH|1|284|284
1|600531.SH|1|285|285
1|601579.SH|1|286|286
0|301078.SZ|1|287|287
1|601788.SH|1|288|288
1|601318.SH|1|289|289
0|300927.SZ|1|290|290
1|600601.SH|1|291|291
0|301277.SZ|1|292|292
0|000651.SZ|1|293|293
0|300750.SZ|1|294|294
1|600495.SH|1|295|295
0|001338.SZ|1|296|296
0|301209.SZ|1|297|297
0|000859.SZ|1|298|298
1|603259.SH|1|299|299
0|002251.SZ|1|300|300
0|002105.SZ|1|301|301
1|600249.SH|1|302|302
0|002389.SZ|1|303|303
1|600161.SH|1|304|304
1|603366.SH|1|305|305
0|002757.SZ|1|306|306
1|601061.SH|1|307|307
1|601956.SH|1|308|308
0|002891.SZ|1|309|309
0|301024.SZ|1|310|310
1|600150.SH|1|311|311
0|002246.SZ|1|312|312
1|603607.SH|1|313|313
0|002097.SZ|1|314|314
1|601899.SH|1|315|315
0|300575.SZ|1|316|316
1|600770.SH|1|317|317
1|603166.SH|1|318|318
1|601919.SH|1|319|319
0|000555.SZ|1|320|320
0|002526.SZ|1|321|321
0|002276.SZ|1|322|322
1|600397.SH|1|323|323
0|300703.SZ|1|324|324
0|300149.SZ|1|325|325
0|300578.SZ|1|326|326
0|002915.SZ|1|327|327
1|603121.SH|1|328|328
1|600149.SH|1|329|329
0|002313.SZ|1|330|330
0|002827.SZ|1|331|331
0|002241.SZ|1|332|332
1|600887.SH|1|333|333
0|002050.SZ|1|334|334
0|002596.SZ|1|335|335
1|601857.SH|1|336|336
0|000062.SZ|1|337|337
0|300003.SZ|1|338|338
0|300315.SZ|1|339|339
1|600530.SH|1|340|340
0|000886.SZ|1|341|341
1|600448.SH|1|342|342
1|600030.SH|1|343|343
0|000561.SZ|1|344|344
0|002730.SZ|1|345|345
1|601606.SH|1|346|346
1|600678.SH|1|347|347
0|001212.SZ|1|348|348
0|002230.SZ|1|349|349
0|301536.SZ|1|350|350
1|688506.SH|1|351|351
1|600611.SH|1|352|352
1|603477.SH|1|353|353
0|002763.SZ|1|354|354
0|002761.SZ|1|355|355
1|603359.SH|1|356|356
0|301208.SZ|1|357|357
0|002743.SZ|1|358|358
1|605599.SH|1|359|359
0|000595.SZ|1|360|360
0|300678.SZ|1|361|361
0|002654.SZ|1|362|362
0|002798.SZ|1|363|363
1|605018.SH|1|364|364
1|603681.SH|1|365|365
0|003009.SZ|1|366|366
0|300043.SZ|1|367|367
0|002181.SZ|1|368|368
0|000612.SZ|1|369|369
0|000639.SZ|1|370|370
1|601985.SH|1|371|371
0|300058.SZ|1|372|372
1|600789.SH|1|373|373
0|300251.SZ|1|374|374
0|002096.SZ|1|375|375
1|601198.SH|1|376|376
0|001390.SZ|1|377|377
0|000725.SZ|1|378|378
1|600116.SH|1|379|379
0|002277.SZ|1|380|380
0|000958.SZ|1|381|381
1|601988.SH|1|382|382
1|603881.SH|1|383|383
1|601162.SH|1|384|384
0|002364.SZ|1|385|385
0|300490.SZ|1|386|386
0|000759.SZ|1|387|387
0|003042.SZ|1|388|388
0|000525.SZ|1|389|389
0|301590.SZ|1|390|390
0|002292.SZ|1|391|391
1|600281.SH|1|392|392
1|601888.SH|1|393|393
0|002370.SZ|1|394|394
1|600459.SH|1|395|395
1|601360.SH|1|396|396
0|002354.SZ|1|397|397
0|002383.SZ|1|398|398
0|002682.SZ|1|399|399
1|688183.SH|1|400|400
1|600521.SH|1|401|401
2|837748.BJ|1|402|402
1|600522.SH|1|403|403
0|300180.SZ|1|404|404
1|601288.SH|1|405|405
0|301188.SZ|1|406|406
0|001234.SZ|1|407|407
0|001268.SZ|1|408|408
1|600172.SH|1|409|409
1|605499.SH|1|410|410
0|300353.SZ|1|411|411
1|600744.SH|1|412|412
1|688981.SH|1|413|413
0|002920.SZ|1|414|414
0|000880.SZ|1|415|415
0|002415.SZ|1|416|416
1|600382.SH|1|417|417
0|300753.SZ|1|418|418
1|603336.SH|1|419|419
0|300033.SZ|1|420|420
0|000938.SZ|1|421|421
0|002162.SZ|1|422|422
1|688158.SH|1|423|423
0|000539.SZ|1|424|424
0|000564.SZ|1|425|425
1|600884.SH|1|426|426
1|601211.SH|1|427|427
1|603256.SH|1|428|428
1|600490.SH|1|429|429
1|600036.SH|1|430|430
0|002612.SZ|1|431|431
0|002565.SZ|1|432|432
1|600793.SH|1|433|433
1|603697.SH|1|434|434
0|002107.SZ|1|435|435
0|002866.SZ|1|436|436
0|300274.SZ|1|437|437
0|300748.SZ|1|438|438
0|300085.SZ|1|439|439
0|002714.SZ|1|440|440
1|600206.SH|1|441|441
0|301335.SZ|1|442|442
1|603605.SH|1|443|443
0|002310.SZ|1|444|444
0|002645.SZ|1|445|445
1|605188.SH|1|446|446
1|603192.SH|1|447|447
0|002553.SZ|1|448|448
0|300386.SZ|1|449|449
1|600986.SH|1|450|450
1|600192.SH|1|451|451
0|000036.SZ|1|452|452
1|600177.SH|1|453|453
0|002161.SZ|1|454|454
1|600110.SH|1|455|455
0|300311.SZ|1|456|456
1|600938.SH|1|457|457
0|300581.SZ|1|458|458
0|000100.SZ|1|459|459
1|603928.SH|1|460|460
1|601059.SH|1|461|461
0|000002.SZ|1|462|462
1|603194.SH|1|463|463
0|000710.SZ|1|464|464
0|002085.SZ|1|465|465
0|002973.SZ|1|466|466
1|605303.SH|1|467|467
0|002977.SZ|1|468|468
0|002556.SZ|1|469|469
1|600571.SH|1|470|470
0|002457.SZ|1|471|471
1|600326.SH|1|472|472
1|603087.SH|1|473|473
1|600345.SH|1|474|474
0|002530.SZ|1|475|475
1|600602.SH|1|476|476
0|300582.SZ|1|477|477
0|000422.SZ|1|478|478
0|002512.SZ|1|479|479
0|001696.SZ|1|480|480
1|605020.SH|1|481|481
0|000818.SZ|1|482|482
1|600358.SH|1|483|483
0|300427.SZ|1|484|484
1|603508.SH|1|485|485
1|600676.SH|1|486|486
0|000519.SZ|1|487|487
1|600361.SH|1|488|488
0|300221.SZ|1|489|489
0|000888.SZ|1|490|490
1|603693.SH|1|491|491
0|002122.SZ|1|492|492
1|603072.SH|1|493|493
0|002291.SZ|1|494|494
0|301137.SZ|1|495|495
0|002829.SZ|1|496|496
0|002286.SZ|1|497|497
0|000568.SZ|1|498|498
1|605123.SH|1|499|499
1|600050.SH|1|500|500
0|002326.SZ|1|501|501
0|002290.SZ|1|502|502
1|601069.SH|1|503|503
0|301082.SZ|1|504|504
1|600834.SH|1|505|505
1|600686.SH|1|506|506
1|600580.SH|1|507|507
0|300199.SZ|1|508|508
1|600037.SH|1|509|509
0|000420.SZ|1|510|510
0|300418.SZ|1|511|511
0|300865.SZ|1|512|512
1|605299.SH|1|513|513
0|002443.SZ|1|514|514
0|002952.SZ|1|515|515
0|000045.SZ|1|516|516
0|000538.SZ|1|517|517
0|300238.SZ|1|518|518
1|600300.SH|1|519|519
1|600621.SH|1|520|520
0|000670.SZ|1|521|521
1|603767.SH|1|522|522
0|002045.SZ|1|523|523
1|603176.SH|1|524|524
0|000546.SZ|1|525|525
1|600990.SH|1|526|526
0|002369.SZ|1|527|527
1|600941.SH|1|528|528
0|300925.SZ|1|529|529
0|002407.SZ|1|530|530
1|603305.SH|1|531|531
0|300496.SZ|1|532|532
1|603501.SH|1|533|533
0|002611.SZ|1|534|534
0|002600.SZ|1|535|535
0|300879.SZ|1|536|536
0|002312.SZ|1|537|537
1|601088.SH|1|538|538
1|603238.SH|1|539|539
0|000573.SZ|1|540|540
1|600715.SH|1|541|541
1|600391.SH|1|542|542
0|002861.SZ|1|543|543
0|002555.SZ|1|544|544
0|300579.SZ|1|545|545
0|000796.SZ|1|546|546
0|001379.SZ|1|547|547
0|300100.SZ|1|548|548
0|300542.SZ|1|549|549
0|002721.SZ|1|550|550
1|603127.SH|1|551|551
1|688313.SH|1|552|552
0|002134.SZ|1|553|553
0|002607.SZ|1|554|554
1|688256.SH|1|555|555
0|300946.SZ|1|556|556
0|002800.SZ|1|557|557
1|601633.SH|1|558|558
1|600081.SH|1|559|559
0|002819.SZ|1|560|560
1|600156.SH|1|561|561
0|002281.SZ|1|562|562
0|300895.SZ|1|563|563
1|600158.SH|1|564|564
0|301287.SZ|1|565|565
1|600536.SH|1|566|566
0|300740.SZ|1|567|567
1|601669.SH|1|568|568
0|000676.SZ|1|569|569
1|601700.SH|1|570|570
0|300558.SZ|1|571|571
0|300432.SZ|1|572|572
0|002590.SZ|1|573|573
0|000766.SZ|1|574|574
0|002189.SZ|1|575|575
1|603099.SH|1|576|576
1|600733.SH|1|577|577
0|000792.SZ|1|578|578
1|601689.SH|1|579|579
0|300442.SZ|1|580|580
0|300352.SZ|1|581|581
0|000661.SZ|1|582|582
1|600584.SH|1|583|583
0|300169.SZ|1|584|584
0|002174.SZ|1|585|585
0|300886.SZ|1|586|586
0|300153.SZ|1|587|587
0|000777.SZ|1|588|588
0|000008.SZ|1|589|589
1|600523.SH|1|590|590
1|600476.SH|1|591|591
1|600651.SH|1|592|592
1|600171.SH|1|593|593
1|600203.SH|1|594|594
1|600690.SH|1|595|595
0|301190.SZ|1|596|596
0|000965.SZ|1|597|597
1|601600.SH|1|598|598
0|002514.SZ|1|599|599
0|300738.SZ|1|600|600
1|600795.SH|1|601|601
0|301123.SZ|1|602|602
0|002625.SZ|1|603|603
0|300815.SZ|1|604|604
1|600505.SH|1|605|605
0|301317.SZ|1|606|606
1|605167.SH|1|607|607
0|300682.SZ|1|608|608
1|603353.SH|1|609|609
0|300355.SZ|1|610|610
1|600387.SH|1|611|611
1|600415.SH|1|612|612
1|600809.SH|1|613|613
1|600570.SH|1|614|614
0|000948.SZ|1|615|615
1|600446.SH|1|616|616
1|603018.SH|1|617|617
0|002582.SZ|1|618|618
1|603306.SH|1|619|619
0|002811.SZ|1|620|620
1|600684.SH|1|621|621
1|600285.SH|1|622|622
1|600486.SH|1|623|623
0|301197.SZ|1|624|624
1|603711.SH|1|625|625
1|600989.SH|1|626|626
0|002982.SZ|1|627|627
0|300016.SZ|1|628|628
1|603005.SH|1|629|629
1|600658.SH|1|630|630
1|600988.SH|1|631|631
1|601995.SH|1|632|632
0|002560.SZ|1|633|633
0|301155.SZ|1|634|634
1|603221.SH|1|635|635
0|301063.SZ|1|636|636
1|600798.SH|1|637|637
1|600157.SH|1|638|638
0|002775.SZ|1|639|639
1|600438.SH|1|640|640
1|601022.SH|1|641|641
1|601881.SH|1|642|642
1|600875.SH|1|643|643
0|002132.SZ|1|644|644
0|002185.SZ|1|645|645
0|300281.SZ|1|646|646
1|603920.SH|1|647|647
0|002946.SZ|1|648|648
1|605488.SH|1|649|649
0|301617.SZ|1|650|650
1|600340.SH|1|651|651
0|002439.SZ|1|652|652
1|600600.SH|1|653|653
0|002167.SZ|1|654|654
1|603168.SH|1|655|655
0|300339.SZ|1|656|656
1|603030.SH|1|657|657
1|601908.SH|1|658|658
1|600160.SH|1|659|659
0|003816.SZ|1|660|660
0|300383.SZ|1|661|661
1|605055.SH|1|662|662
0|000756.SZ|1|663|663
1|603893.SH|1|664|664
1|688336.SH|1|665|665
1|600031.SH|1|666|666
0|002067.SZ|1|667|667
0|000966.SZ|1|668|668
1|600805.SH|1|669|669
1|600879.SH|1|670|670
1|600196.SH|1|671|671
1|605009.SH|1|672|672
0|003026.SZ|1|673|673
0|300159.SZ|1|674|674
0|000785.SZ|1|675|675
0|000017.SZ|1|676|676
0|002693.SZ|1|677|677
0|002023.SZ|1|678|678
1|601866.SH|1|679|679
1|600436.SH|1|680|680
1|600756.SH|1|681|681
0|000617.SZ|1|682|682
0|000032.SZ|1|683|683
0|300002.SZ|1|684|684
1|603839.SH|1|685|685
1|603901.SH|1|686|686
0|002212.SZ|1|687|687
1|603535.SH|1|688|688
1|603918.SH|1|689|689
0|002237.SZ|1|690|690
0|002981.SZ|1|691|691
1|600362.SH|1|692|692
0|300377.SZ|1|693|693
0|000988.SZ|1|694|694
1|600101.SH|1|695|695
1|603276.SH|1|696|696
0|301151.SZ|1|697|697
1|600561.SH|1|698|698
0|002630.SZ|1|699|699
1|603288.SH|1|700|700
0|300723.SZ|1|701|701
0|002448.SZ|1|702|702
0|300587.SZ|1|703|703
0|002371.SZ|1|704|704
1|600588.SH|1|705|705
0|000592.SZ|1|706|706
0|300493.SZ|1|707|707
0|300718.SZ|1|708|708
0|002437.SZ|1|709|709
0|000681.SZ|1|710|710
1|600893.SH|1|711|711
2|873169.BJ|1|712|712
0|002862.SZ|1|713|713
0|300015.SZ|1|714|714
0|002092.SZ|1|715|715
1|600919.SH|1|716|716
0|002175.SZ|1|717|717
1|603810.SH|1|718|718
0|002837.SZ|1|719|719
1|600329.SH|1|720|720
0|002163.SZ|1|721|721
0|300130.SZ|1|722|722
1|600256.SH|1|723|723
2|839493.BJ|1|724|724
1|600558.SH|1|725|725
0|002384.SZ|1|726|726
0|000159.SZ|1|727|727
0|002460.SZ|1|728|728
0|000729.SZ|1|729|729
1|600830.SH|1|730|730
1|600592.SH|1|731|731
1|603236.SH|1|732|732
0|000795.SZ|1|733|733
1|600745.SH|1|734|734
0|300972.SZ|1|735|735
0|300300.SZ|1|736|736
1|603887.SH|1|737|737
0|002627.SZ|1|738|738
0|000001.SZ|1|739|739
1|603065.SH|1|740|740
0|000545.SZ|1|741|741
0|002304.SZ|1|742|742
0|000037.SZ|1|743|743
1|600869.SH|1|744|744
0|002615.SZ|1|745|745
1|603991.SH|1|746|746
1|600212.SH|1|747|747
1|601868.SH|1|748|748
1|600198.SH|1|749|749
0|002400.SZ|1|750|750
1|600439.SH|1|751|751
0|002424.SZ|1|752|752
0|300657.SZ|1|753|753
0|002275.SZ|1|754|754
0|002466.SZ|1|755|755
0|300905.SZ|1|756|756
0|000816.SZ|1|757|757
0|002750.SZ|1|758|758
0|300637.SZ|1|759|759
0|002191.SZ|1|760|760
0|000338.SZ|1|761|761
0|002998.SZ|1|762|762
0|002995.SZ|1|763|763
0|000016.SZ|1|764|764
0|002338.SZ|1|765|765
1|600406.SH|1|766|766
1|603959.SH|1|767|767
0|301269.SZ|1|768|768
0|300122.SZ|1|769|769
0|001389.SZ|1|770|770
0|001208.SZ|1|771|771
0|002226.SZ|1|772|772
0|002602.SZ|1|773|773
0|002272.SZ|1|774|774
0|000536.SZ|1|775|775
0|000034.SZ|1|776|776
1|603006.SH|1|777|777
0|002422.SZ|1|778|778
1|603322.SH|1|779|779
1|600633.SH|1|780|780
1|603109.SH|1|781|781
1|600562.SH|1|782|782
0|002114.SZ|1|783|783
0|002215.SZ|1|784|784
1|600882.SH|1|785|785
1|600693.SH|1|786|786
0|002236.SZ|1|787|787
1|688008.SH|1|788|788
1|600549.SH|1|789|789
0|002171.SZ|1|790|790
1|600763.SH|1|791|791
0|300189.SZ|1|792|792
1|603496.SH|1|793|793
0|002228.SZ|1|794|794
1|600556.SH|1|795|795
0|300348.SZ|1|796|796
1|605179.SH|1|797|797
1|603367.SH|1|798|798
0|002205.SZ|1|799|799
1|600095.SH|1|800|800
1|603712.SH|1|801|801
0|002547.SZ|1|802|802
0|000957.SZ|1|803|803
0|300124.SZ|1|804|804
0|301165.SZ|1|805|805
0|002633.SZ|1|806|806
0|002136.SZ|1|807|807
0|002152.SZ|1|808|808
1|603330.SH|1|809|809
1|603637.SH|1|810|810
1|603067.SH|1|811|811
1|603599.SH|1|812|812
0|300005.SZ|1|813|813
1|600052.SH|1|814|814
0|002681.SZ|1|815|815
0|001309.SZ|1|816|816
1|603922.SH|1|817|817
0|002929.SZ|1|818|818
0|300458.SZ|1|819|819
0|002049.SZ|1|820|820
0|300008.SZ|1|821|821
0|301191.SZ|1|822|822
0|301396.SZ|1|823|823
0|001328.SZ|1|824|824
1|600289.SH|1|825|825
1|600880.SH|1|826|826
0|000524.SZ|1|827|827
0|002232.SZ|1|828|828
0|002376.SZ|1|829|829
1|603667.SH|1|830|830
0|002773.SZ|1|831|831
0|002155.SZ|1|832|832
0|000997.SZ|1|833|833
0|300014.SZ|1|834|834
1|603777.SH|1|835|835
0|002406.SZ|1|836|836
0|300890.SZ|1|837|837
0|000026.SZ|1|838|838
0|002644.SZ|1|839|839
0|300793.SZ|1|840|840
0|002199.SZ|1|841|841
0|003021.SZ|1|842|842
0|002196.SZ|1|843|843
1|603007.SH|1|844|844
0|300433.SZ|1|845|845
0|300561.SZ|1|846|846
1|603690.SH|1|847|847
1|600498.SH|1|848|848
0|002224.SZ|1|849|849
0|002297.SZ|1|850|850
1|600845.SH|1|851|851
0|300459.SZ|1|852|852
0|002932.SZ|1|853|853
0|300047.SZ|1|854|854
1|603200.SH|1|855|855
1|600011.SH|1|856|856
1|600255.SH|1|857|857
0|001230.SZ|1|858|858
0|001339.SZ|1|859|859
0|002012.SZ|1|860|860
0|301308.SZ|1|861|861
0|002432.SZ|1|862|862
0|301501.SZ|1|863|863
1|600787.SH|1|864|864
0|300475.SZ|1|865|865
0|000881.SZ|1|866|866
0|000630.SZ|1|867|867
0|002378.SZ|1|868|868
1|603178.SH|1|869|869
0|002204.SZ|1|870|870
1|603009.SH|1|871|871
0|002664.SZ|1|872|872
0|300603.SZ|1|873|873
1|688025.SH|1|874|874
0|000576.SZ|1|875|875
0|300842.SZ|1|876|876
0|002797.SZ|1|877|877
0|002968.SZ|1|878|878
1|603639.SH|1|879|879
0|002896.SZ|1|880|880
1|601728.SH|1|881|881
1|603716.SH|1|882|882
1|603883.SH|1|883|883
1|603960.SH|1|884|884
1|600104.SH|1|885|885
0|002340.SZ|1|886|886
0|002164.SZ|1|887|887
1|603527.SH|1|888|888
1|600202.SH|1|889|889
1|601020.SH|1|890|890
0|000025.SZ|1|891|891
1|603970.SH|1|892|892
1|603208.SH|1|893|893
1|603799.SH|1|894|894
0|000963.SZ|1|895|895
1|603232.SH|1|896|896
1|603310.SH|1|897|897
0|002886.SZ|1|898|898
1|601179.SH|1|899|899
1|600106.SH|1|900|900
1|600796.SH|1|901|901
0|300260.SZ|1|902|902
0|000969.SZ|1|903|903
0|300471.SZ|1|904|904
1|601177.SH|1|905|905
0|301136.SZ|1|906|906
0|300505.SZ|1|907|907
0|300261.SZ|1|908|908
0|002564.SZ|1|909|909
0|300779.SZ|1|910|910
0|002156.SZ|1|911|911
0|002474.SZ|1|912|912
0|301662.SZ|1|913|913
0|002235.SZ|1|914|914
0|300661.SZ|1|915|915
1|600520.SH|1|916|916
0|002558.SZ|1|917|917
1|600366.SH|1|918|918
0|002835.SZ|1|919|919
0|300170.SZ|1|920|920
0|000801.SZ|1|921|921
0|003043.SZ|1|922|922
1|603949.SH|1|923|923
0|002727.SZ|1|924|924
0|300641.SZ|1|925|925
0|300760.SZ|1|926|926
1|603677.SH|1|927|927
1|601555.SH|1|928|928
1|603280.SH|1|929|929
1|600053.SH|1|930|930
0|002624.SZ|1|931|931
0|000712.SZ|1|932|932
0|300699.SZ|1|933|933
0|000582.SZ|1|934|934
1|603066.SH|1|935|935
0|300139.SZ|1|936|936
1|600734.SH|1|937|937
1|600738.SH|1|938|938
1|601966.SH|1|939|939
1|601890.SH|1|940|940
0|002851.SZ|1|941|941
0|002316.SZ|1|942|942
1|600010.SH|1|943|943
0|002599.SZ|1|944|944
0|002688.SZ|1|945|945
0|000698.SZ|1|946|946
1|600515.SH|1|947|947
0|002405.SZ|1|948|948
1|603768.SH|1|949|949
0|000096.SZ|1|950|950
1|600460.SH|1|951|951
1|601989.SH|1|952|952
1|601117.SH|1|953|953
0|000838.SZ|1|954|954
1|601225.SH|1|955|955
0|001979.SZ|1|956|956
0|001391.SZ|1|957|957
1|603863.SH|1|958|958
1|600200.SH|1|959|959
0|301009.SZ|1|960|960
0|002352.SZ|1|961|961
0|002279.SZ|1|962|962
0|002960.SZ|1|963|963
1|600905.SH|1|964|964
1|600292.SH|1|965|965
0|002881.SZ|1|966|966
0|002917.SZ|1|967|967
1|600120.SH|1|968|968
1|600028.SH|1|969|969
0|002331.SZ|1|970|970
0|301336.SZ|1|971|971
0|002449.SZ|1|972|972
0|003003.SZ|1|973|973
0|000758.SZ|1|974|974
1|605298.SH|1|975|975
0|002269.SZ|1|976|976
0|000768.SZ|1|977|977
0|001222.SZ|1|978|978
0|002793.SZ|1|979|979
0|003005.SZ|1|980|980
1|603912.SH|1|981|981
0|000751.SZ|1|982|982
0|300398.SZ|1|983|983
1|600133.SH|1|984|984
0|002350.SZ|1|985|985
0|002403.SZ|1|986|986
1|603296.SH|1|987|987
1|601100.SH|1|988|988
0|002765.SZ|1|989|989
1|600487.SH|1|990|990
0|300759.SZ|1|991|991
0|300347.SZ|1|992|992
0|300364.SZ|1|993|993
1|600967.SH|1|994|994
0|300531.SZ|1|995|995
0|000657.SZ|1|996|996
0|000157.SZ|1|997|997
1|603630.SH|1|998|998
1|603803.SH|1|999|999
0|000078.SZ|1|1000|1000
0|301095.SZ|1|1001|1001
0|002428.SZ|1|1002|1002
0|300997.SZ|1|1003|1003
1|600702.SH|1|1004|1004
0|300648.SZ|1|1005|1005
1|601128.SH|1|1006|1006
0|300181.SZ|1|1007|1007
1|600598.SH|1|1008|1008
1|600573.SH|1|1009|1009
0|002178.SZ|1|1010|1010
1|600567.SH|1|1011|1011
0|000970.SZ|1|1012|1012
0|002724.SZ|1|1013|1013
1|603669.SH|1|1014|1014
1|600085.SH|1|1015|1015
1|600173.SH|1|1016|1016
0|300223.SZ|1|1017|1017
0|000837.SZ|1|1018|1018
1|688520.SH|1|1019|1019
0|300434.SZ|1|1020|1020
1|600132.SH|1|1021|1021
1|603369.SH|1|1022|1022
1|603195.SH|1|1023|1023
0|300240.SZ|1|1024|1024
0|002303.SZ|1|1025|1025
0|300017.SZ|1|1026|1026
0|002703.SZ|1|1027|1027
0|002875.SZ|1|1028|1028
1|600889.SH|1|1029|1029
0|002978.SZ|1|1030|1030
0|301665.SZ|1|1031|1031
0|000890.SZ|1|1032|1032
0|002747.SZ|1|1033|1033
1|600666.SH|1|1034|1034
0|000166.SZ|1|1035|1035
1|600353.SH|1|1036|1036
1|601399.SH|1|1037|1037
0|301322.SZ|1|1038|1038
1|600895.SH|1|1039|1039
0|301229.SZ|1|1040|1040
1|600312.SH|1|1041|1041
0|001236.SZ|1|1042|1042
1|601766.SH|1|1043|1043
0|000627.SZ|1|1044|1044
0|300399.SZ|1|1045|1045
0|002601.SZ|1|1046|1046
0|300366.SZ|1|1047|1047
1|605069.SH|1|1048|1048
0|000878.SZ|1|1049|1049
1|600189.SH|1|1050|1050
0|002294.SZ|1|1051|1051
0|002343.SZ|1|1052|1052
0|301079.SZ|1|1053|1053
0|000876.SZ|1|1054|1054
1|601118.SH|1|1055|1055
0|000601.SZ|1|1056|1056
1|603128.SH|1|1057|1057
0|002490.SZ|1|1058|1058
1|600375.SH|1|1059|1059
1|600624.SH|1|1060|1060
1|600841.SH|1|1061|1061
0|300067.SZ|1|1062|1062
1|600048.SH|1|1063|1063
1|603211.SH|1|1064|1064
1|600703.SH|1|1065|1065
1|600223.SH|1|1066|1066
0|002990.SZ|1|1067|1067
0|002783.SZ|1|1068|1068
0|000833.SZ|1|1069|1069
0|002121.SZ|1|1070|1070
1|600303.SH|1|1071|1071
0|002938.SZ|1|1072|1072
1|601099.SH|1|1073|1073
0|002821.SZ|1|1074|1074
0|002909.SZ|1|1075|1075
1|600577.SH|1|1076|1076
0|002413.SZ|1|1077|1077
1|688778.SH|1|1078|1078
0|300741.SZ|1|1079|1079
1|600855.SH|1|1080|1080
0|002239.SZ|1|1081|1081
0|002361.SZ|1|1082|1082
1|603070.SH|1|1083|1083
0|301246.SZ|1|1084|1084
0|000600.SZ|1|1085|1085
0|300191.SZ|1|1086|1086
0|002842.SZ|1|1087|1087
1|603586.SH|1|1088|1088
0|002642.SZ|1|1089|1089
1|600743.SH|1|1090|1090
0|000716.SZ|1|1091|1091
0|002528.SZ|1|1092|1092
1|600590.SH|1|1093|1093
0|300975.SZ|1|1094|1094
0|000010.SZ|1|1095|1095
0|002785.SZ|1|1096|1096
1|600456.SH|1|1097|1097
2|871634.BJ|1|1098|1098
0|002975.SZ|1|1099|1099
1|601916.SH|1|1100|1100
1|600239.SH|1|1101|1101
0|002576.SZ|1|1102|1102
1|600721.SH|1|1103|1103
0|301112.SZ|1|1104|1104
1|601939.SH|1|1105|1105
0|002017.SZ|1|1106|1106
1|603136.SH|1|1107|1107
1|603220.SH|1|1108|1108
0|000983.SZ|1|1109|1109
0|300949.SZ|1|1110|1110
0|300077.SZ|1|1111|1111
0|300896.SZ|1|1112|1112
1|603456.SH|1|1113|1113
1|688102.SH|1|1114|1114
1|603616.SH|1|1115|1115
1|600216.SH|1|1116|1116
0|300620.SZ|1|1117|1117
0|300229.SZ|1|1118|1118
0|002554.SZ|1|1119|1119
0|002402.SZ|1|1120|1120
0|000895.SZ|1|1121|1121
0|002217.SZ|1|1122|1122
0|002562.SZ|1|1123|1123
1|600859.SH|1|1124|1124
1|600776.SH|1|1125|1125
0|300121.SZ|1|1126|1126
0|000029.SZ|1|1127|1127
1|600593.SH|1|1128|1128
1|600518.SH|1|1129|1129
0|000423.SZ|1|1130|1130
0|002183.SZ|1|1131|1131
0|300026.SZ|1|1132|1132
1|601628.SH|1|1133|1133
0|002044.SZ|1|1134|1134
1|600765.SH|1|1135|1135
0|300444.SZ|1|1136|1136
0|000811.SZ|1|1137|1137
0|301459.SZ|1|1138|1138
0|000905.SZ|1|1139|1139
1|603228.SH|1|1140|1140
0|002086.SZ|1|1141|1141
1|603270.SH|1|1142|1142
1|603285.SH|1|1143|1143
0|002927.SZ|1|1144|1144
1|605296.SH|1|1145|1145
0|301236.SZ|1|1146|1146
0|300142.SZ|1|1147|1147
0|002393.SZ|1|1148|1148
0|002902.SZ|1|1149|1149
1|600489.SH|1|1150|1150
0|002027.SZ|1|1151|1151
0|300290.SZ|1|1152|1152
1|600343.SH|1|1153|1153
0|002444.SZ|1|1154|1154
1|603598.SH|1|1155|1155
0|002179.SZ|1|1156|1156
1|603506.SH|1|1157|1157
1|603983.SH|1|1158|1158
1|601500.SH|1|1159|1159
0|002989.SZ|1|1160|1160
1|603069.SH|1|1161|1161
1|601688.SH|1|1162|1162
0|300307.SZ|1|1163|1163
0|300040.SZ|1|1164|1164
1|600100.SH|1|1165|1165
1|600699.SH|1|1166|1166
0|001332.SZ|1|1167|1167
0|000626.SZ|1|1168|1168
1|601216.SH|1|1169|1169
0|002771.SZ|1|1170|1170
1|603916.SH|1|1171|1171
0|002459.SZ|1|1172|1172
1|600183.SH|1|1173|1173
1|605337.SH|1|1174|1174
1|600207.SH|1|1175|1175
0|300012.SZ|1|1176|1176
1|600543.SH|1|1177|1177
1|603955.SH|1|1178|1178
0|002708.SZ|1|1179|1179
0|002575.SZ|1|1180|1180
1|603118.SH|1|1181|1181
0|300840.SZ|1|1182|1182
1|600187.SH|1|1183|1183
1|688700.SH|1|1184|1184
1|600143.SH|1|1185|1185
1|688648.SH|1|1186|1186
1|600379.SH|1|1187|1187
0|002984.SZ|1|1188|1188
0|000973.SZ|1|1189|1189
0|002373.SZ|1|1190|1190
1|600129.SH|1|1191|1191
1|601168.SH|1|1192|1192
0|002733.SZ|1|1193|1193
1|688012.SH|1|1194|1194
0|300068.SZ|1|1195|1195
0|002202.SZ|1|1196|1196
0|002956.SZ|1|1197|1197
0|300961.SZ|1|1198|1198
0|002273.SZ|1|1199|1199
0|002245.SZ|1|1200|1200
0|002385.SZ|1|1201|1201
0|001255.SZ|1|1202|1202
0|300148.SZ|1|1203|1203
0|002080.SZ|1|1204|1204
0|002271.SZ|1|1205|1205
0|002598.SZ|1|1206|1206
1|600426.SH|1|1207|1207
0|300771.SZ|1|1208|1208
1|600118.SH|1|1209|1209
0|002337.SZ|1|1210|1210
0|300796.SZ|1|1211|1211
1|603444.SH|1|1212|1212
1|600008.SH|1|1213|1213
0|000999.SZ|1|1214|1214
0|300698.SZ|1|1215|1215
0|300871.SZ|1|1216|1216
0|001318.SZ|1|1217|1217
2|832982.BJ|1|1218|1218
1|600575.SH|1|1219|1219
1|688056.SH|1|1220|1220
1|600973.SH|1|1221|1221
0|002120.SZ|1|1222|1222
1|601608.SH|1|1223|1223
1|600271.SH|1|1224|1224
0|300534.SZ|1|1225|1225
1|600619.SH|1|1226|1226
1|601717.SH|1|1227|1227
1|600026.SH|1|1228|1228
1|600692.SH|1|1229|1229
0|002856.SZ|1|1230|1230
0|301225.SZ|1|1231|1231
0|002779.SZ|1|1232|1232
0|000669.SZ|1|1233|1233
0|300473.SZ|1|1234|1234
1|601066.SH|1|1235|1235
0|002221.SZ|1|1236|1236
1|600582.SH|1|1237|1237
0|300494.SZ|1|1238|1238
1|603375.SH|1|1239|1239
1|688302.SH|1|1240|1240
1|600318.SH|1|1241|1241
0|002300.SZ|1|1242|1242
0|300132.SZ|1|1243|1243
0|000925.SZ|1|1244|1244
0|002719.SZ|1|1245|1245
1|600396.SH|1|1246|1246
1|600497.SH|1|1247|1247
0|002551.SZ|1|1248|1248
0|002436.SZ|1|1249|1249
0|300083.SZ|1|1250|1250
0|002588.SZ|1|1251|1251
0|300957.SZ|1|1252|1252
0|300115.SZ|1|1253|1253
0|300663.SZ|1|1254|1254
0|301260.SZ|1|1255|1255
1|600679.SH|1|1256|1256
1|601609.SH|1|1257|1257
1|601006.SH|1|1258|1258
0|000039.SZ|1|1259|1259
1|600310.SH|1|1260|1260
0|300696.SZ|1|1261|1261
0|300571.SZ|1|1262|1262
1|600980.SH|1|1263|1263
0|300287.SZ|1|1264|1264
1|601236.SH|1|1265|1265
1|600463.SH|1|1266|1266
0|300276.SZ|1|1267|1267
1|600021.SH|1|1268|1268
0|002461.SZ|1|1269|1269
0|300836.SZ|1|1270|1270
0|300163.SZ|1|1271|1271
0|001316.SZ|1|1272|1272
1|600638.SH|1|1273|1273
1|603696.SH|1|1274|1274
0|300567.SZ|1|1275|1275
0|000503.SZ|1|1276|1276
0|301500.SZ|1|1277|1277
0|001337.SZ|1|1278|1278
0|002979.SZ|1|1279|1279
1|603766.SH|1|1280|1280
0|300024.SZ|1|1281|1281
0|000937.SZ|1|1282|1282
0|300783.SZ|1|1283|1283
0|000021.SZ|1|1284|1284
0|000099.SZ|1|1285|1285
0|300600.SZ|1|1286|1286
1|600758.SH|1|1287|1287
0|002916.SZ|1|1288|1288
1|603985.SH|1|1289|1289
0|002520.SZ|1|1290|1290
1|600137.SH|1|1291|1291
1|600979.SH|1|1292|1292
1|603326.SH|1|1293|1293
0|002119.SZ|1|1294|1294
0|300541.SZ|1|1295|1295
0|301366.SZ|1|1296|1296
0|002961.SZ|1|1297|1297
0|002542.SZ|1|1298|1298
0|002869.SZ|1|1299|1299
1|600843.SH|1|1300|1300
0|300069.SZ|1|1301|1301
0|300397.SZ|1|1302|1302
0|002707.SZ|1|1303|1303
1|601825.SH|1|1304|1304
0|000628.SZ|1|1305|1305
0|300075.SZ|1|1306|1306
1|603379.SH|1|1307|1307
0|300991.SZ|1|1308|1308
0|300688.SZ|1|1309|1309
1|601611.SH|1|1310|1310
0|002923.SZ|1|1311|1311
1|600746.SH|1|1312|1312
0|002410.SZ|1|1313|1313
0|300102.SZ|1|1314|1314
0|002563.SZ|1|1315|1315
0|003041.SZ|1|1316|1316
1|600993.SH|1|1317|1317
1|600774.SH|1|1318|1318
0|300867.SZ|1|1319|1319
0|002939.SZ|1|1320|1320
1|600818.SH|1|1321|1321
1|603398.SH|1|1322|1322
0|002387.SZ|1|1323|1323
1|601319.SH|1|1324|1324
0|000520.SZ|1|1325|1325
0|300344.SZ|1|1326|1326
0|300245.SZ|1|1327|1327
0|000400.SZ|1|1328|1328
1|600771.SH|1|1329|1329
1|600190.SH|1|1330|1330
1|603004.SH|1|1331|1331
1|605183.SH|1|1332|1332
0|002084.SZ|1|1333|1333
0|002362.SZ|1|1334|1334
1|600027.SH|1|1335|1335
0|000856.SZ|1|1336|1336
0|000882.SZ|1|1337|1337
0|003029.SZ|1|1338|1338
0|300210.SZ|1|1339|1339
1|600754.SH|1|1340|1340
1|605366.SH|1|1341|1341
1|600338.SH|1|1342|1342
0|000425.SZ|1|1343|1343
0|000852.SZ|1|1344|1344
1|600660.SH|1|1345|1345
1|600425.SH|1|1346|1346
1|605376.SH|1|1347|1347
1|688235.SH|1|1348|1348
0|002963.SZ|1|1349|1349
0|002046.SZ|1|1350|1350
0|301301.SZ|1|1351|1351
0|002197.SZ|1|1352|1352
0|002349.SZ|1|1353|1353
1|603015.SH|1|1354|1354
0|001296.SZ|1|1355|1355
0|002099.SZ|1|1356|1356
1|603626.SH|1|1357|1357
0|300747.SZ|1|1358|1358
1|603395.SH|1|1359|1359
1|603610.SH|1|1360|1360
1|600039.SH|1|1361|1361
0|000514.SZ|1|1362|1362
1|603979.SH|1|1363|1363
0|002709.SZ|1|1364|1364
0|002501.SZ|1|1365|1365
0|000733.SZ|1|1366|1366
0|000783.SZ|1|1367|1367
0|300093.SZ|1|1368|1368
0|002609.SZ|1|1369|1369
0|002587.SZ|1|1370|1370
1|600728.SH|1|1371|1371
1|600775.SH|1|1372|1372
1|603089.SH|1|1373|1373
1|688151.SH|1|1374|1374
0|002489.SZ|1|1375|1375
0|300157.SZ|1|1376|1376
1|600390.SH|1|1377|1377
0|301382.SZ|1|1378|1378
0|300007.SZ|1|1379|1379
1|601698.SH|1|1380|1380
1|600711.SH|1|1381|1381
1|600351.SH|1|1382|1382
1|600227.SH|1|1383|1383
0|002066.SZ|1|1384|1384
0|001367.SZ|1|1385|1385
0|000708.SZ|1|1386|1386
1|600585.SH|1|1387|1387
0|300638.SZ|1|1388|1388
0|301379.SZ|1|1389|1389
1|603629.SH|1|1390|1390
1|603818.SH|1|1391|1391
1|688297.SH|1|1392|1392
0|002670.SZ|1|1393|1393
0|000980.SZ|1|1394|1394
0|300207.SZ|1|1395|1395
1|600188.SH|1|1396|1396
0|001206.SZ|1|1397|1397
0|000721.SZ|1|1398|1398
1|600478.SH|1|1399|1399
1|603595.SH|1|1400|1400
1|600368.SH|1|1401|1401
1|605117.SH|1|1402|1402
0|002867.SZ|1|1403|1403
0|300084.SZ|1|1404|1404
1|600982.SH|1|1405|1405
0|002603.SZ|1|1406|1406
0|001395.SZ|1|1407|1407
1|603382.SH|1|1408|1408
0|002176.SZ|1|1409|1409
0|002658.SZ|1|1410|1410
1|605189.SH|1|1411|1411
1|603399.SH|1|1412|1412
1|600059.SH|1|1413|1413
1|601336.SH|1|1414|1414
0|002660.SZ|1|1415|1415
0|301263.SZ|1|1416|1416
1|603662.SH|1|1417|1417
1|600360.SH|1|1418|1418
1|600759.SH|1|1419|1419
0|301141.SZ|1|1420|1420
0|002129.SZ|1|1421|1421
0|300422.SZ|1|1422|1422
0|002368.SZ|1|1423|1423
0|000967.SZ|1|1424|1424
1|600089.SH|1|1425|1425
0|300438.SZ|1|1426|1426
1|600664.SH|1|1427|1427
1|601658.SH|1|1428|1428
0|000009.SZ|1|1429|1429
0|300021.SZ|1|1430|1430
0|002320.SZ|1|1431|1431
0|002840.SZ|1|1432|1432
1|600380.SH|1|1433|1433
0|300004.SZ|1|1434|1434
0|002001.SZ|1|1435|1435
0|002786.SZ|1|1436|1436
0|300691.SZ|1|1437|1437
0|300563.SZ|1|1438|1438
0|301248.SZ|1|1439|1439
0|300078.SZ|1|1440|1440
0|300551.SZ|1|1441|1441
1|603132.SH|1|1442|1442
1|601991.SH|1|1443|1443
0|000887.SZ|1|1444|1444
0|002469.SZ|1|1445|1445
0|300373.SZ|1|1446|1446
1|600501.SH|1|1447|1447
1|600616.SH|1|1448|1448
0|002579.SZ|1|1449|1449
0|002009.SZ|1|1450|1450
0|002593.SZ|1|1451|1451
0|300048.SZ|1|1452|1452
0|300224.SZ|1|1453|1453
0|002346.SZ|1|1454|1454
0|000403.SZ|1|1455|1455
0|001269.SZ|1|1456|1456
0|002812.SZ|1|1457|1457
1|605100.SH|1|1458|1458
0|000596.SZ|1|1459|1459
1|600547.SH|1|1460|1460
0|002008.SZ|1|1461|1461
1|600372.SH|1|1462|1462
0|002336.SZ|1|1463|1463
0|003007.SZ|1|1464|1464
1|603776.SH|1|1465|1465
0|300511.SZ|1|1466|1466
1|600025.SH|1|1467|1467
1|605118.SH|1|1468|1468
1|603110.SH|1|1469|1469
1|600363.SH|1|1470|1470
0|300249.SZ|1|1471|1471
0|300119.SZ|1|1472|1472
0|300379.SZ|1|1473|1473
1|603257.SH|1|1474|1474
1|601390.SH|1|1475|1475
0|000723.SZ|1|1476|1476
0|301377.SZ|1|1477|1477
0|002056.SZ|1|1478|1478
1|603728.SH|1|1479|1479
1|600881.SH|1|1480|1480
0|002127.SZ|1|1481|1481
1|600293.SH|1|1482|1482
0|300061.SZ|1|1483|1483
2|833873.BJ|1|1484|1484
1|600828.SH|1|1485|1485
1|605398.SH|1|1486|1486
1|601519.SH|1|1487|1487
0|000935.SZ|1|1488|1488
0|002925.SZ|1|1489|1489
1|603655.SH|1|1490|1490
0|002329.SZ|1|1491|1491
0|000504.SZ|1|1492|1492
0|002416.SZ|1|1493|1493
1|600576.SH|1|1494|1494
1|603602.SH|1|1495|1495
0|000975.SZ|1|1496|1496
1|603316.SH|1|1497|1497
1|600865.SH|1|1498|1498
0|002626.SZ|1|1499|1499
0|301297.SZ|1|1500|1500
1|600352.SH|1|1501|1501
1|688206.SH|1|1502|1502
0|002484.SZ|1|1503|1503
1|603833.SH|1|1504|1504
0|000962.SZ|1|1505|1505
0|002438.SZ|1|1506|1506
0|000528.SZ|1|1507|1507
1|601958.SH|1|1508|1508
1|689009.SH|1|1509|1509
0|300757.SZ|1|1510|1510
0|002360.SZ|1|1511|1511
1|605255.SH|1|1512|1512
0|300136.SZ|1|1513|1513
1|688331.SH|1|1514|1514
0|002426.SZ|1|1515|1515
0|002124.SZ|1|1516|1516
0|300857.SZ|1|1517|1517
1|603699.SH|1|1518|1518
0|000960.SZ|1|1519|1519
0|300317.SZ|1|1520|1520
1|600535.SH|1|1521|1521
0|300071.SZ|1|1522|1522
0|001226.SZ|1|1523|1523
0|002616.SZ|1|1524|1524
1|600674.SH|1|1525|1525
1|600320.SH|1|1526|1526
1|601015.SH|1|1527|1527
1|600000.SH|1|1528|1528
2|833284.BJ|1|1529|1529
0|300520.SZ|1|1530|1530
0|002595.SZ|1|1531|1531
1|603202.SH|1|1532|1532
1|601668.SH|1|1533|1533
0|002423.SZ|1|1534|1534
0|301098.SZ|1|1535|1535
1|603338.SH|1|1536|1536
1|601166.SH|1|1537|1537
0|002965.SZ|1|1538|1538
1|603713.SH|1|1539|1539
0|300947.SZ|1|1540|1540
0|001368.SZ|1|1541|1541
0|000955.SZ|1|1542|1542
0|001229.SZ|1|1543|1543
0|002527.SZ|1|1544|1544
1|600546.SH|1|1545|1545
1|603313.SH|1|1546|1546
0|300758.SZ|1|1547|1547
2|835174.BJ|1|1548|1548
0|000860.SZ|1|1549|1549
0|002137.SZ|1|1550|1550
1|601016.SH|1|1551|1551
1|603206.SH|1|1552|1552
1|600579.SH|1|1553|1553
0|002685.SZ|1|1554|1554
1|600233.SH|1|1555|1555
0|002892.SZ|1|1556|1556
0|002722.SZ|1|1557|1557
0|001287.SZ|1|1558|1558
0|300710.SZ|1|1559|1559
1|603718.SH|1|1560|1560
0|003000.SZ|1|1561|1561
0|301498.SZ|1|1562|1562
0|000812.SZ|1|1563|1563
0|300233.SZ|1|1564|1564
1|600184.SH|1|1565|1565
1|601058.SH|1|1566|1566
0|000415.SZ|1|1567|1567
1|600072.SH|1|1568|1568
1|600916.SH|1|1569|1569
0|000682.SZ|1|1570|1570
0|002813.SZ|1|1571|1571
1|603077.SH|1|1572|1572
1|603162.SH|1|1573|1573
0|300046.SZ|1|1574|1574
0|001301.SZ|1|1575|1575
1|603151.SH|1|1576|1576
0|002268.SZ|1|1577|1577
1|600066.SH|1|1578|1578
0|000893.SZ|1|1579|1579
0|000421.SZ|1|1580|1580
1|600211.SH|1|1581|1581
0|002126.SZ|1|1582|1582
0|300591.SZ|1|1583|1583
0|300803.SZ|1|1584|1584
0|300200.SZ|1|1585|1585
0|300253.SZ|1|1586|1586
1|603665.SH|1|1587|1587
1|603308.SH|1|1588|1588
0|002274.SZ|1|1589|1589
0|300808.SZ|1|1590|1590
1|603129.SH|1|1591|1591
0|300762.SZ|1|1592|1592
1|603538.SH|1|1593|1593
0|300457.SZ|1|1594|1594
0|002157.SZ|1|1595|1595
1|600817.SH|1|1596|1596
0|002249.SZ|1|1597|1597
0|300634.SZ|1|1598|1598
0|300858.SZ|1|1599|1599
0|300617.SZ|1|1600|1600
1|603180.SH|1|1601|1601
0|002860.SZ|1|1602|1602
1|600872.SH|1|1603|1603
1|603936.SH|1|1604|1604
0|002063.SZ|1|1605|1605
0|300010.SZ|1|1606|1606
1|600725.SH|1|1607|1607
1|603583.SH|1|1608|1608
0|002259.SZ|1|1609|1609
0|002698.SZ|1|1610|1610
1|605151.SH|1|1611|1611
0|301281.SZ|1|1612|1612
0|002398.SZ|1|1613|1613
0|002766.SZ|1|1614|1614
0|300220.SZ|1|1615|1615
0|002486.SZ|1|1616|1616
0|300540.SZ|1|1617|1617
1|603193.SH|1|1618|1618
1|600339.SH|1|1619|1619
1|600063.SH|1|1620|1620
0|000767.SZ|1|1621|1621
0|301559.SZ|1|1622|1622
1|601083.SH|1|1623|1623
0|002095.SZ|1|1624|1624
0|300913.SZ|1|1625|1625
1|603660.SH|1|1626|1626
0|000915.SZ|1|1627|1627
0|002396.SZ|1|1628|1628
1|600704.SH|1|1629|1629
0|301016.SZ|1|1630|1630
0|301177.SZ|1|1631|1631
1|600009.SH|1|1632|1632
1|600557.SH|1|1633|1633
0|002240.SZ|1|1634|1634
0|002495.SZ|1|1635|1635
1|600886.SH|1|1636|1636
1|603028.SH|1|1637|1637
0|301075.SZ|1|1638|1638
0|300892.SZ|1|1639|1639
1|600023.SH|1|1640|1640
0|300073.SZ|1|1641|1641
0|002887.SZ|1|1642|1642
0|000632.SZ|1|1643|1643
0|300057.SZ|1|1644|1644
1|603150.SH|1|1645|1645
1|600452.SH|1|1646|1646
0|002311.SZ|1|1647|1647
1|600298.SH|1|1648|1648
0|300214.SZ|1|1649|1649
1|600998.SH|1|1650|1650
0|300346.SZ|1|1651|1651
0|300622.SZ|1|1652|1652
1|688166.SH|1|1653|1653
0|002397.SZ|1|1654|1654
0|001289.SZ|1|1655|1655
0|000779.SZ|1|1656|1656
0|000950.SZ|1|1657|1657
1|603528.SH|1|1658|1658
1|600444.SH|1|1659|1659
1|600529.SH|1|1660|1660
1|600019.SH|1|1661|1661
1|603666.SH|1|1662|1662
1|601456.SH|1|1663|1663
0|000560.SZ|1|1664|1664
0|002077.SZ|1|1665|1665
0|301089.SZ|1|1666|1666
1|603188.SH|1|1667|1667
0|002506.SZ|1|1668|1668
1|688775.SH|1|1669|1669
0|300302.SZ|1|1670|1670
1|600618.SH|1|1671|1671
1|600731.SH|1|1672|1672
0|002806.SZ|1|1673|1673
0|300643.SZ|1|1674|1674
0|000776.SZ|1|1675|1675
0|002777.SZ|1|1676|1676
0|300430.SZ|1|1677|1677
1|603990.SH|1|1678|1678
0|002739.SZ|1|1679|1679
0|003027.SZ|1|1680|1680
0|300702.SZ|1|1681|1681
1|688518.SH|1|1682|1682
1|600354.SH|1|1683|1683
1|600824.SH|1|1684|1684
0|301518.SZ|1|1685|1685
1|600559.SH|1|1686|1686
1|600096.SH|1|1687|1687
0|000697.SZ|1|1688|1688
0|301230.SZ|1|1689|1689
0|002697.SZ|1|1690|1690
0|003037.SZ|1|1691|1691
0|000908.SZ|1|1692|1692
1|600128.SH|1|1693|1693
0|000839.SZ|1|1694|1694
0|002557.SZ|1|1695|1695
0|300604.SZ|1|1696|1696
0|002141.SZ|1|1697|1697
0|301066.SZ|1|1698|1698
0|300127.SZ|1|1699|1699
1|603389.SH|1|1700|1700
0|000532.SZ|1|1701|1701
0|002853.SZ|1|1702|1702
1|601607.SH|1|1703|1703
1|603517.SH|1|1704|1704
0|000541.SZ|1|1705|1705
1|603002.SH|1|1706|1706
1|600016.SH|1|1707|1707
0|000753.SZ|1|1708|1708
0|002513.SZ|1|1709|1709
1|605338.SH|1|1710|1710
1|688122.SH|1|1711|1711
1|600578.SH|1|1712|1712
0|300053.SZ|1|1713|1713
0|002036.SZ|1|1714|1714
0|002749.SZ|1|1715|1715
0|000055.SZ|1|1716|1716
1|600540.SH|1|1717|1717
1|603198.SH|1|1718|1718
0|300450.SZ|1|1719|1719
1|600238.SH|1|1720|1720
1|600038.SH|1|1721|1721
0|000995.SZ|1|1722|1722
0|301033.SZ|1|1723|1723
1|601156.SH|1|1724|1724
0|300810.SZ|1|1725|1725
1|603266.SH|1|1726|1726
0|001207.SZ|1|1727|1727
1|600829.SH|1|1728|1728
0|000813.SZ|1|1729|1729
0|002898.SZ|1|1730|1730
0|000513.SZ|1|1731|1731
0|002479.SZ|1|1732|1732
1|600109.SH|1|1733|1733
0|300464.SZ|1|1734|1734
1|600819.SH|1|1735|1735
1|688017.SH|1|1736|1736
1|600685.SH|1|1737|1737
0|000650.SZ|1|1738|1738
0|002908.SZ|1|1739|1739
1|600506.SH|1|1740|1740
1|603237.SH|1|1741|1741
1|600750.SH|1|1742|1742
1|688070.SH|1|1743|1743
1|600079.SH|1|1744|1744
0|300515.SZ|1|1745|1745
0|000547.SZ|1|1746|1746
1|603119.SH|1|1747|1747
0|002146.SZ|1|1748|1748
1|600017.SH|1|1749|1749
1|600127.SH|1|1750|1750
0|001317.SZ|1|1751|1751
0|002284.SZ|1|1752|1752
0|300376.SZ|1|1753|1753
1|688799.SH|1|1754|1754
0|000572.SZ|1|1755|1755
1|600056.SH|1|1756|1756
0|300499.SZ|1|1757|1757
1|603520.SH|1|1758|1758
0|002169.SZ|1|1759|1759
1|600846.SH|1|1760|1760
1|600493.SH|1|1761|1761
0|000637.SZ|1|1762|1762
1|603507.SH|1|1763|1763
0|000507.SZ|1|1764|1764
1|688578.SH|1|1765|1765
0|002690.SZ|1|1766|1766
0|300746.SZ|1|1767|1767
0|300533.SZ|1|1768|1768
0|300676.SZ|1|1769|1769
0|300277.SZ|1|1770|1770
1|600389.SH|1|1771|1771
0|300248.SZ|1|1772|1772
1|600810.SH|1|1773|1773
0|002487.SZ|1|1774|1774
0|300724.SZ|1|1775|1775
1|603797.SH|1|1776|1776
1|600851.SH|1|1777|1777
1|600961.SH|1|1778|1778
1|600355.SH|1|1779|1779
1|603167.SH|1|1780|1780
0|300573.SZ|1|1781|1781
0|002581.SZ|1|1782|1782
1|600527.SH|1|1783|1783
1|603825.SH|1|1784|1784
1|603160.SH|1|1785|1785
0|300454.SZ|1|1786|1786
0|300419.SZ|1|1787|1787
1|603650.SH|1|1788|1788
0|002647.SZ|1|1789|1789
0|300037.SZ|1|1790|1790
1|603967.SH|1|1791|1791
0|002673.SZ|1|1792|1792
1|601877.SH|1|1793|1793
0|002772.SZ|1|1794|1794
0|002117.SZ|1|1795|1795
0|002309.SZ|1|1796|1796
0|000901.SZ|1|1797|1797
0|002566.SZ|1|1798|1798
0|300652.SZ|1|1799|1799
0|002592.SZ|1|1800|1800
0|002007.SZ|1|1801|1801
1|605208.SH|1|1802|1802
0|001358.SZ|1|1803|1803
1|603377.SH|1|1804|1804
0|002691.SZ|1|1805|1805
1|603113.SH|1|1806|1806
0|002151.SZ|1|1807|1807
1|605088.SH|1|1808|1808
1|600302.SH|1|1809|1809
1|605377.SH|1|1810|1810
1|600868.SH|1|1811|1811
0|002091.SZ|1|1812|1812
0|301509.SZ|1|1813|1813
1|603980.SH|1|1814|1814
1|603927.SH|1|1815|1815
0|300498.SZ|1|1816|1816
0|300725.SZ|1|1817|1817
0|300252.SZ|1|1818|1818
1|603365.SH|1|1819|1819
1|601929.SH|1|1820|1820
0|300705.SZ|1|1821|1821
0|002858.SZ|1|1822|1822
1|600119.SH|1|1823|1823
1|603489.SH|1|1824|1824
0|300999.SZ|1|1825|1825
1|600959.SH|1|1826|1826
1|600470.SH|1|1827|1827
0|001356.SZ|1|1828|1828
1|601126.SH|1|1829|1829
0|300177.SZ|1|1830|1830
1|603283.SH|1|1831|1831
0|002517.SZ|1|1832|1832
0|300782.SZ|1|1833|1833
1|600883.SH|1|1834|1834
0|300363.SZ|1|1835|1835
1|600108.SH|1|1836|1836
1|603040.SH|1|1837|1837
0|300835.SZ|1|1838|1838
1|600682.SH|1|1839|1839
1|688223.SH|1|1840|1840
1|601880.SH|1|1841|1841
1|688488.SH|1|1842|1842
0|002805.SZ|1|1843|1843
0|300129.SZ|1|1844|1844
0|300671.SZ|1|1845|1845
0|300324.SZ|1|1846|1846
0|002728.SZ|1|1847|1847
0|300144.SZ|1|1848|1848
0|000656.SZ|1|1849|1849
0|002166.SZ|1|1850|1850
1|603173.SH|1|1851|1851
0|000652.SZ|1|1852|1852
1|601231.SH|1|1853|1853
0|000505.SZ|1|1854|1854
0|002568.SZ|1|1855|1855
0|002855.SZ|1|1856|1856
0|300402.SZ|1|1857|1857
0|300147.SZ|1|1858|1858
0|300485.SZ|1|1859|1859
0|002187.SZ|1|1860|1860
0|300322.SZ|1|1861|1861
1|600032.SH|1|1862|1862
1|600975.SH|1|1863|1863
0|300465.SZ|1|1864|1864
0|000070.SZ|1|1865|1865
1|601229.SH|1|1866|1866
0|002142.SZ|1|1867|1867
0|300655.SZ|1|1868|1868
0|002738.SZ|1|1869|1869
0|301138.SZ|1|1870|1870
0|002042.SZ|1|1871|1871
0|002006.SZ|1|1872|1872
0|300786.SZ|1|1873|1873
1|688180.SH|1|1874|1874
1|600378.SH|1|1875|1875
1|600435.SH|1|1876|1876
1|601238.SH|1|1877|1877
1|688332.SH|1|1878|1878
0|300162.SZ|1|1879|1879
1|603701.SH|1|1880|1880
0|000060.SZ|1|1881|1881
0|002482.SZ|1|1882|1882
0|000155.SZ|1|1883|1883
1|600936.SH|1|1884|1884
1|603836.SH|1|1885|1885
0|002559.SZ|1|1886|1886
1|600812.SH|1|1887|1887
0|300184.SZ|1|1888|1888
1|600862.SH|1|1889|1889
0|002429.SZ|1|1890|1890
0|002446.SZ|1|1891|1891
1|600346.SH|1|1892|1892
0|000523.SZ|1|1893|1893
1|600981.SH|1|1894|1894
0|000822.SZ|1|1895|1895
0|301206.SZ|1|1896|1896
1|600280.SH|1|1897|1897
1|605358.SH|1|1898|1898
1|688620.SH|1|1899|1899
2|871396.BJ|1|1900|1900
0|002412.SZ|1|1901|1901
1|601901.SH|1|1902|1902
0|301291.SZ|1|1903|1903
1|600566.SH|1|1904|1904
0|301479.SZ|1|1905|1905
0|002180.SZ|1|1906|1906
1|601878.SH|1|1907|1907
1|601018.SH|1|1908|1908
0|003020.SZ|1|1909|1909
1|603215.SH|1|1910|1910
0|301000.SZ|1|1911|1911
0|300031.SZ|1|1912|1912
1|603063.SH|1|1913|1913
1|600960.SH|1|1914|1914
0|300713.SZ|1|1915|1915
1|603569.SH|1|1916|1916
1|688327.SH|1|1917|1917
1|600727.SH|1|1918|1918
1|603207.SH|1|1919|1919
1|601616.SH|1|1920|1920
0|000006.SZ|1|1921|1921
0|002957.SZ|1|1922|1922
0|300342.SZ|1|1923|1923
1|600332.SH|1|1924|1924
0|300328.SZ|1|1925|1925
0|002545.SZ|1|1926|1926
0|002828.SZ|1|1927|1927
0|000088.SZ|1|1928|1928
0|301212.SZ|1|1929|1929
1|605198.SH|1|1930|1930
1|603843.SH|1|1931|1931
1|600779.SH|1|1932|1932
0|000830.SZ|1|1933|1933
1|603331.SH|1|1934|1934
0|300832.SZ|1|1935|1935
0|300568.SZ|1|1936|1936
1|600999.SH|1|1937|1937
1|601328.SH|1|1938|1938
0|002072.SZ|1|1939|1939
0|300677.SZ|1|1940|1940
1|603269.SH|1|1941|1941
0|002497.SZ|1|1942|1942
0|300296.SZ|1|1943|1943
1|603108.SH|1|1944|1944
1|601800.SH|1|1945|1945
1|601186.SH|1|1946|1946
1|601528.SH|1|1947|1947
0|003006.SZ|1|1948|1948
0|002306.SZ|1|1949|1949
0|300489.SZ|1|1950|1950
2|871263.BJ|1|1951|1951
1|600121.SH|1|1952|1952
0|002481.SZ|1|1953|1953
0|002414.SZ|1|1954|1954
1|600613.SH|1|1955|1955
1|688343.SH|1|1956|1956
0|002942.SZ|1|1957|1957
0|300673.SZ|1|1958|1958
1|603663.SH|1|1959|1959
0|300662.SZ|1|1960|1960
0|002244.SZ|1|1961|1961
2|872808.BJ|1|1962|1962
0|002838.SZ|1|1963|1963
0|002958.SZ|1|1964|1964
1|603363.SH|1|1965|1965
0|300133.SZ|1|1966|1966
1|601002.SH|1|1967|1967
0|002762.SZ|1|1968|1968
0|002052.SZ|1|1969|1969
1|603078.SH|1|1970|1970
0|002302.SZ|1|1971|1971
1|600166.SH|1|1972|1972
0|002792.SZ|1|1973|1973
1|688525.SH|1|1974|1974
0|301205.SZ|1|1975|1975
0|001314.SZ|1|1976|1976
1|600572.SH|1|1977|1977
1|600073.SH|1|1978|1978
1|688280.SH|1|1979|1979
0|300244.SZ|1|1980|1980
1|603919.SH|1|1981|1981
0|300697.SZ|1|1982|1982
0|002289.SZ|1|1983|1983
1|600399.SH|1|1984|1984
1|600383.SH|1|1985|1985
1|603335.SH|1|1986|1986
0|300918.SZ|1|1987|1987
0|300866.SZ|1|1988|1988
1|605289.SH|1|1989|1989
0|000739.SZ|1|1990|1990
0|000799.SZ|1|1991|1991
1|603273.SH|1|1992|1992
1|605138.SH|1|1993|1993
0|002334.SZ|1|1994|1994
0|300409.SZ|1|1995|1995
0|002128.SZ|1|1996|1996
0|002100.SZ|1|1997|1997
1|601005.SH|1|1998|1998
1|600977.SH|1|1999|1999
1|600316.SH|1|2000|2000
0|002831.SZ|1|2001|2001
1|688363.SH|1|2002|2002
1|601666.SH|1|2003|2003
0|002649.SZ|1|2004|2004
0|002108.SZ|1|2005|2005
1|600637.SH|1|2006|2006
0|300447.SZ|1|2007|2007
0|000691.SZ|1|2008|2008
1|603636.SH|1|2009|2009
0|002480.SZ|1|2010|2010
0|300243.SZ|1|2011|2011
0|000605.SZ|1|2012|2012
1|603899.SH|1|2013|2013
1|600114.SH|1|2014|2014
1|603998.SH|1|2015|2015
1|600821.SH|1|2016|2016
1|603323.SH|1|2017|2017
0|300035.SZ|1|2018|2018
0|000807.SZ|1|2019|2019
1|600718.SH|1|2020|2020
1|605199.SH|1|2021|2021
0|301293.SZ|1|2022|2022
1|600257.SH|1|2023|2023
1|600330.SH|1|2024|2024
0|000821.SZ|1|2025|2025
1|688169.SH|1|2026|2026
0|301196.SZ|1|2027|2027
0|002689.SZ|1|2028|2028
0|301120.SZ|1|2029|2029
1|600726.SH|1|2030|2030
1|605016.SH|1|2031|2031
1|600668.SH|1|2032|2032
0|301227.SZ|1|2033|2033
0|002544.SZ|1|2034|2034
1|605300.SH|1|2035|2035
0|301048.SZ|1|2036|2036
0|002533.SZ|1|2037|2037
1|600712.SH|1|2038|2038
0|002666.SZ|1|2039|2039
0|300158.SZ|1|2040|2040
0|300640.SZ|1|2041|2041
0|002004.SZ|1|2042|2042
0|001914.SZ|1|2043|2043
1|600051.SH|1|2044|2044
0|000892.SZ|1|2045|2045
1|600168.SH|1|2046|2046
1|603345.SH|1|2047|2047
0|000877.SZ|1|2048|2048
1|601898.SH|1|2049|2049
1|603229.SH|1|2050|2050
0|301011.SZ|1|2051|2051
1|603608.SH|1|2052|2052
0|002538.SZ|1|2053|2053
1|603533.SH|1|2054|2054
0|000597.SZ|1|2055|2055
1|603038.SH|1|2056|2056
1|603000.SH|1|2057|2057
0|002789.SZ|1|2058|2058
1|688111.SH|1|2059|2059
0|001382.SZ|1|2060|2060
0|301168.SZ|1|2061|2061
0|000521.SZ|1|2062|2062
0|000620.SZ|1|2063|2063
0|002064.SZ|1|2064|2064
0|000762.SZ|1|2065|2065
0|300952.SZ|1|2066|2066
1|600482.SH|1|2067|2067
0|300413.SZ|1|2068|2068
0|000738.SZ|1|2069|2069
0|300378.SZ|1|2070|2070
0|002493.SZ|1|2071|2071
1|600764.SH|1|2072|2072
0|300875.SZ|1|2073|2073
0|301070.SZ|1|2074|2074
0|300106.SZ|1|2075|2075
0|301302.SZ|1|2076|2076
0|301076.SZ|1|2077|2077
1|688521.SH|1|2078|2078
0|001279.SZ|1|2079|2079
0|002160.SZ|1|2080|2080
1|600210.SH|1|2081|2081
0|002701.SZ|1|2082|2082
1|603866.SH|1|2083|2083
0|300451.SZ|1|2084|2084
0|002852.SZ|1|2085|2085
0|300201.SZ|1|2086|2086
1|603976.SH|1|2087|2087
1|600336.SH|1|2088|2088
1|603267.SH|1|2089|2089
0|000727.SZ|1|2090|2090
0|002441.SZ|1|2091|2091
1|601998.SH|1|2092|2092
0|002820.SZ|1|2093|2093
0|300179.SZ|1|2094|2094
0|002145.SZ|1|2095|2095
0|000800.SZ|1|2096|2096
0|002319.SZ|1|2097|2097
0|301585.SZ|1|2098|2098
0|002552.SZ|1|2099|2099
1|603890.SH|1|2100|2100
2|838924.BJ|1|2101|2101
0|002210.SZ|1|2102|2102
0|002988.SZ|1|2103|2103
1|603606.SH|1|2104|2104
1|600219.SH|1|2105|2105
1|601699.SH|1|2106|2106
0|301388.SZ|1|2107|2107
0|000151.SZ|1|2108|2108
0|301358.SZ|1|2109|2109
1|603659.SH|1|2110|2110
0|002315.SZ|1|2111|2111
1|600419.SH|1|2112|2112
0|000736.SZ|1|2113|2113
0|002421.SZ|1|2114|2114
0|002038.SZ|1|2115|2115
0|300941.SZ|1|2116|2116
0|003002.SZ|1|2117|2117
0|002936.SZ|1|2118|2118
1|600479.SH|1|2119|2119
0|300900.SZ|1|2120|2120
1|600153.SH|1|2121|2121
0|301522.SZ|1|2122|2122
1|688136.SH|1|2123|2123
0|002780.SZ|1|2124|2124
0|300369.SZ|1|2125|2125
0|301613.SZ|1|2126|2126
0|301179.SZ|1|2127|2127
0|002847.SZ|1|2128|2128
1|601567.SH|1|2129|2129
1|600138.SH|1|2130|2130
0|300510.SZ|1|2131|2131
2|834021.BJ|1|2132|2132
0|300775.SZ|1|2133|2133
0|001300.SZ|1|2134|2134
0|002507.SZ|1|2135|2135
0|002252.SZ|1|2136|2136
1|603486.SH|1|2137|2137
1|603809.SH|1|2138|2138
1|603725.SH|1|2139|2139
1|688096.SH|1|2140|2140
0|300237.SZ|1|2141|2141
1|600673.SH|1|2142|2142
0|002028.SZ|1|2143|2143
0|002941.SZ|1|2144|2144
1|603286.SH|1|2145|2145
0|003022.SZ|1|2146|2146
1|603739.SH|1|2147|2147
0|300798.SZ|1|2148|2148
0|301618.SZ|1|2149|2149
1|600350.SH|1|2150|2150
0|002116.SZ|1|2151|2151
0|300203.SZ|1|2152|2152
1|600301.SH|1|2153|2153
1|600860.SH|1|2154|2154
0|300973.SZ|1|2155|2155
0|001277.SZ|1|2156|2156
1|603416.SH|1|2157|2157
0|300629.SZ|1|2158|2158
0|000610.SZ|1|2159|2159
0|000408.SZ|1|2160|2160
1|601136.SH|1|2161|2161
1|603156.SH|1|2162|2162
1|601068.SH|1|2163|2163
0|000591.SZ|1|2164|2164
1|688027.SH|1|2165|2165
0|002865.SZ|1|2166|2166
0|002351.SZ|1|2167|2167
0|000850.SZ|1|2168|2168
0|000917.SZ|1|2169|2169
0|002419.SZ|1|2170|2170
0|300111.SZ|1|2171|2171
0|002980.SZ|1|2172|2172
1|600398.SH|1|2173|2173
0|002472.SZ|1|2174|2174
0|002996.SZ|1|2175|2175
1|688552.SH|1|2176|2176
0|002305.SZ|1|2177|2177
1|600261.SH|1|2178|2178
未知|920116.BJ|1|2179|2179
0|301108.SZ|1|2180|2180
1|600629.SH|1|2181|2181
0|000750.SZ|1|2182|2182
1|603421.SH|1|2183|2183
1|603315.SH|1|2184|2184
1|603719.SH|1|2185|2185
0|002254.SZ|1|2186|2186
1|688126.SH|1|2187|2187
1|603041.SH|1|2188|2188
0|300164.SZ|1|2189|2189
1|600060.SH|1|2190|2190
0|300666.SZ|1|2191|2191
0|002098.SZ|1|2192|2192
1|600423.SH|1|2193|2193
0|002638.SZ|1|2194|2194
0|002485.SZ|1|2195|2195
1|600926.SH|1|2196|2196
1|600863.SH|1|2197|2197
1|603120.SH|1|2198|2198
0|301050.SZ|1|2199|2199
0|002061.SZ|1|2200|2200
1|603191.SH|1|2201|2201
0|002999.SZ|1|2202|2202
1|600597.SH|1|2203|2203
1|601869.SH|1|2204|2204
1|600267.SH|1|2205|2205
0|000990.SZ|1|2206|2206
0|002523.SZ|1|2207|2207
1|688568.SH|1|2208|2208
1|688719.SH|1|2209|2209
0|002172.SZ|1|2210|2210
0|000553.SZ|1|2211|2211
0|002767.SZ|1|2212|2212
1|603738.SH|1|2213|2213
1|603319.SH|1|2214|2214
0|002048.SZ|1|2215|2215
1|601121.SH|1|2216|2216
1|601686.SH|1|2217|2217
0|002332.SZ|1|2218|2218
1|603861.SH|1|2219|2219
0|000998.SZ|1|2220|2220
0|301486.SZ|1|2221|2221
1|600252.SH|1|2222|2222
1|603102.SH|1|2223|2223
0|002864.SZ|1|2224|2224
1|688793.SH|1|2225|2225
1|600801.SH|1|2226|2226
1|600388.SH|1|2227|2227
1|600612.SH|1|2228|2228
1|603876.SH|1|2229|2229
0|002518.SZ|1|2230|2230
1|603529.SH|1|2231|2231
1|603897.SH|1|2232|2232
0|000875.SZ|1|2233|2233
0|300466.SZ|1|2234|2234
0|002567.SZ|1|2235|2235
0|300669.SZ|1|2236|2236
0|000863.SZ|1|2237|2237
0|002380.SZ|1|2238|2238
1|603938.SH|1|2239|2239
0|300726.SZ|1|2240|2240
1|603429.SH|1|2241|2241
0|000056.SZ|1|2242|2242
0|002201.SZ|1|2243|2243
0|002832.SZ|1|2244|2244
0|301096.SZ|1|2245|2245
2|430047.BJ|1|2246|2246
0|300898.SZ|1|2247|2247
0|301156.SZ|1|2248|2248
0|002462.SZ|1|2249|2249
1|600058.SH|1|2250|2250
0|002683.SZ|1|2251|2251
0|300611.SZ|1|2252|2252
1|603579.SH|1|2253|2253
0|002076.SZ|1|2254|2254
0|000629.SZ|1|2255|2255
0|300436.SZ|1|2256|2256
0|300446.SZ|1|2257|2257
0|002079.SZ|1|2258|2258
0|002358.SZ|1|2259|2259
0|300569.SZ|1|2260|2260
1|603618.SH|1|2261|2261
1|600901.SH|1|2262|2262
1|600287.SH|1|2263|2263
1|600768.SH|1|2264|2264
0|301487.SZ|1|2265|2265
0|002139.SZ|1|2266|2266
1|600062.SH|1|2267|2267
1|600866.SH|1|2268|2268
1|600804.SH|1|2269|2269
1|600710.SH|1|2270|2270
0|001227.SZ|1|2271|2271
0|300299.SZ|1|2272|2272
1|601718.SH|1|2273|2273
1|603027.SH|1|2274|2274
0|000928.SZ|1|2275|2275
0|002409.SZ|1|2276|2276
1|601169.SH|1|2277|2277
0|002713.SZ|1|2278|2278
0|300547.SZ|1|2279|2279
0|002112.SZ|1|2280|2280
1|601872.SH|1|2281|2281
1|601218.SH|1|2282|2282
0|300528.SZ|1|2283|2283
1|688117.SH|1|2284|2284
0|000786.SZ|1|2285|2285
0|300824.SZ|1|2286|2286
1|600480.SH|1|2287|2287
0|300256.SZ|1|2288|2288
1|605186.SH|1|2289|2289
0|301629.SZ|1|2290|2290
1|600568.SH|1|2291|2291
1|601298.SH|1|2292|2292
1|601969.SH|1|2293|2293
1|600371.SH|1|2294|2294
0|000899.SZ|1|2295|2295
0|002659.SZ|1|2296|2296
1|601208.SH|1|2297|2297
1|600753.SH|1|2298|2298
0|002425.SZ|1|2299|2299
0|300822.SZ|1|2300|2300
1|600405.SH|1|2301|2301
0|300350.SZ|1|2302|2302
1|688271.SH|1|2303|2303
1|688503.SH|1|2304|2304
0|001896.SZ|1|2305|2305
1|603988.SH|1|2306|2306
1|600499.SH|1|2307|2307
0|002778.SZ|1|2308|2308
0|300623.SZ|1|2309|2309
0|301068.SZ|1|2310|2310
1|603700.SH|1|2311|2311
0|000030.SZ|1|2312|2312
0|002248.SZ|1|2313|2313
1|603800.SH|1|2314|2314
1|601865.SH|1|2315|2315
0|002073.SZ|1|2316|2316
1|603131.SH|1|2317|2317
0|002222.SZ|1|2318|2318
1|603258.SH|1|2319|2319
1|688390.SH|1|2320|2320
0|002158.SZ|1|2321|2321
2|833171.BJ|1|2322|2322
0|000581.SZ|1|2323|2323
0|300327.SZ|1|2324|2324
1|600807.SH|1|2325|2325
0|301571.SZ|1|2326|2326
1|603613.SH|1|2327|2327
0|300333.SZ|1|2328|2328
0|301007.SZ|1|2329|2329
1|600185.SH|1|2330|2330
1|605399.SH|1|2331|2331
0|002643.SZ|1|2332|2332
1|605259.SH|1|2333|2333
0|002492.SZ|1|2334|2334
0|301149.SZ|1|2335|2335
1|600737.SH|1|2336|2336
1|600409.SH|1|2337|2337
1|603101.SH|1|2338|2338
0|002532.SZ|1|2339|2339
1|600877.SH|1|2340|2340
1|600386.SH|1|2341|2341
0|002101.SZ|1|2342|2342
0|000690.SZ|1|2343|2343
0|000419.SZ|1|2344|2344
0|002379.SZ|1|2345|2345
0|300212.SZ|1|2346|2346
1|600018.SH|1|2347|2347
1|600278.SH|1|2348|2348
0|300039.SZ|1|2349|2349
0|300088.SZ|1|2350|2350
0|002903.SZ|1|2351|2351
1|688777.SH|1|2352|2352
1|600284.SH|1|2353|2353
0|000868.SZ|1|2354|2354
0|002386.SZ|1|2355|2355
1|601388.SH|1|2356|2356
0|301013.SZ|1|2357|2357
0|002388.SZ|1|2358|2358
0|300863.SZ|1|2359|2359
0|301550.SZ|1|2360|2360
0|000663.SZ|1|2361|2361
1|601678.SH|1|2362|2362
0|000931.SZ|1|2363|2363
1|601011.SH|1|2364|2364
1|600732.SH|1|2365|2365
1|605001.SH|1|2366|2366
1|601377.SH|1|2367|2367
0|002019.SZ|1|2368|2368
1|603088.SH|1|2369|2369
0|002755.SZ|1|2370|2370
0|002548.SZ|1|2371|2371
0|300722.SZ|1|2372|2372
0|301595.SZ|1|2373|2373
0|300267.SZ|1|2374|2374
1|603707.SH|1|2375|2375
0|002696.SZ|1|2376|2376
0|300123.SZ|1|2377|2377
0|300285.SZ|1|2378|2378
0|300507.SZ|1|2379|2379
0|301392.SZ|1|2380|2380
1|603588.SH|1|2381|2381
0|000488.SZ|1|2382|2382
0|002508.SZ|1|2383|2383
1|688599.SH|1|2384|2384
0|300109.SZ|1|2385|2385
0|300329.SZ|1|2386|2386
0|000848.SZ|1|2387|2387
1|601077.SH|1|2388|2388
0|300258.SZ|1|2389|2389
0|300601.SZ|1|2390|2390
1|603536.SH|1|2391|2391
0|300079.SZ|1|2392|2392
0|300032.SZ|1|2393|2393
0|300343.SZ|1|2394|2394
0|301367.SZ|1|2395|2395
1|601009.SH|1|2396|2396
0|002955.SZ|1|2397|2397
0|000993.SZ|1|2398|2398
0|300146.SZ|1|2399|2399
1|603029.SH|1|2400|2400
0|000686.SZ|1|2401|2401
1|600218.SH|1|2402|2402
0|300081.SZ|1|2403|2403
0|300509.SZ|1|2404|2404
1|600630.SH|1|2405|2405
0|000913.SZ|1|2406|2406
0|300101.SZ|1|2407|2407
0|301413.SZ|1|2408|2408
1|600080.SH|1|2409|2409
1|601816.SH|1|2410|2410
1|688231.SH|1|2411|2411
1|600428.SH|1|2412|2412
1|688215.SH|1|2413|2413
0|002434.SZ|1|2414|2414
0|000949.SZ|1|2415|2415
0|301085.SZ|1|2416|2416
1|600995.SH|1|2417|2417
0|002652.SZ|1|2418|2418
1|600416.SH|1|2419|2419
0|002024.SZ|1|2420|2420
1|603556.SH|1|2421|2421
0|300226.SZ|1|2422|2422
0|002262.SZ|1|2423|2423
1|601860.SH|1|2424|2424
1|603317.SH|1|2425|2425
0|300735.SZ|1|2426|2426
0|002873.SZ|1|2427|2427
0|000593.SZ|1|2428|2428
0|300994.SZ|1|2429|2429
0|300265.SZ|1|2430|2430
0|000586.SZ|1|2431|2431
1|601010.SH|1|2432|2432
1|603600.SH|1|2433|2433
1|603648.SH|1|2434|2434
0|002111.SZ|1|2435|2435
0|300345.SZ|1|2436|2436
0|300730.SZ|1|2437|2437
1|600985.SH|1|2438|2438
1|603013.SH|1|2439|2439
1|603312.SH|1|2440|2440
0|002318.SZ|1|2441|2441
0|002057.SZ|1|2442|2442
2|430017.BJ|1|2443|2443
1|600248.SH|1|2444|2444
0|301232.SZ|1|2445|2445
1|600500.SH|1|2446|2446
0|002515.SZ|1|2447|2447
1|688234.SH|1|2448|2448
0|002737.SZ|1|2449|2449
0|002636.SZ|1|2450|2450
0|300982.SZ|1|2451|2451
0|300942.SZ|1|2452|2452
0|000635.SZ|1|2453|2453
0|300185.SZ|1|2454|2454
0|300719.SZ|1|2455|2455
1|600502.SH|1|2456|2456
0|300628.SZ|1|2457|2457
1|600528.SH|1|2458|2458
0|300113.SZ|1|2459|2459
1|600958.SH|1|2460|2460
0|000516.SZ|1|2461|2461
1|600623.SH|1|2462|2462
0|001210.SZ|1|2463|2463
0|300833.SZ|1|2464|2464
0|003030.SZ|1|2465|2465
0|000065.SZ|1|2466|2466
0|300198.SZ|1|2467|2467
0|300777.SZ|1|2468|2468
1|603081.SH|1|2469|2469
1|603466.SH|1|2470|2470
0|003001.SZ|1|2471|2471
1|603727.SH|1|2472|2472
0|300070.SZ|1|2473|2473
1|688800.SH|1|2474|2474
1|600661.SH|1|2475|2475
1|688766.SH|1|2476|2476
1|605011.SH|1|2477|2477
1|605162.SH|1|2478|2478
1|600327.SH|1|2479|2479
1|601615.SH|1|2480|2480
0|300294.SZ|1|2481|2481
0|300403.SZ|1|2482|2482
0|002539.SZ|1|2483|2483
0|000007.SZ|1|2484|2484
1|600180.SH|1|2485|2485
0|300192.SZ|1|2486|2486
1|600858.SH|1|2487|2487
0|002692.SZ|1|2488|2488
0|301015.SZ|1|2489|2489
0|301389.SZ|1|2490|2490
1|600467.SH|1|2491|2491
1|601595.SH|1|2492|2492
1|688131.SH|1|2493|2493
0|301003.SZ|1|2494|2494
1|600516.SH|1|2495|2495
1|600755.SH|1|2496|2496
1|603682.SH|1|2497|2497
1|603896.SH|1|2498|2498
1|605336.SH|1|2499|2499
0|002748.SZ|1|2500|2500
0|000922.SZ|1|2501|2501
1|600583.SH|1|2502|2502
0|000823.SZ|1|2503|2503
0|000791.SZ|1|2504|2504
1|601137.SH|1|2505|2505
1|600596.SH|1|2506|2506
0|002206.SZ|1|2507|2507
0|300411.SZ|1|2508|2508
0|000778.SZ|1|2509|2509
0|300042.SZ|1|2510|2510
1|603210.SH|1|2511|2511
1|600176.SH|1|2512|2512
1|603709.SH|1|2513|2513
1|603014.SH|1|2514|2514
0|300254.SZ|1|2515|2515
1|601618.SH|1|2516|2516
0|002010.SZ|1|2517|2517
0|000048.SZ|1|2518|2518
0|002323.SZ|1|2519|2519
0|300967.SZ|1|2520|2520
0|301393.SZ|1|2521|2521
1|601778.SH|1|2522|2522
0|001209.SZ|1|2523|2523
0|002922.SZ|1|2524|2524
1|601222.SH|1|2525|2525
0|301592.SZ|1|2526|2526
0|002945.SZ|1|2527|2527
0|300167.SZ|1|2528|2528
1|600509.SH|1|2529|2529
1|688409.SH|1|2530|2530
1|688582.SH|1|2531|2531
0|001217.SZ|1|2532|2532
0|300196.SZ|1|2533|2533
0|002348.SZ|1|2534|2534
0|002910.SZ|1|2535|2535
0|300086.SZ|1|2536|2536
1|603958.SH|1|2537|2537
0|002026.SZ|1|2538|2538
1|603130.SH|1|2539|2539
1|603488.SH|1|2540|2540
1|600054.SH|1|2541|2541
1|600965.SH|1|2542|2542
1|603565.SH|1|2543|2543
0|300870.SZ|1|2544|2544
1|603260.SH|1|2545|2545
0|002295.SZ|1|2546|2546
0|300624.SZ|1|2547|2547
1|600377.SH|1|2548|2548
1|600510.SH|1|2549|2549
0|003033.SZ|1|2550|2550
1|688379.SH|1|2551|2551
0|301517.SZ|1|2552|2552
0|000633.SZ|1|2553|2553
0|002470.SZ|1|2554|2554
0|000825.SZ|1|2555|2555
0|301103.SZ|1|2556|2556
0|000567.SZ|1|2557|2557
0|300380.SZ|1|2558|2558
0|300537.SZ|1|2559|2559
未知|920088.BJ|1|2560|2560
0|001270.SZ|1|2561|2561
1|600222.SH|1|2562|2562
1|601108.SH|1|2563|2563
0|300009.SZ|1|2564|2564
0|301275.SZ|1|2565|2565
1|603214.SH|1|2566|2566
1|688152.SH|1|2567|2567
0|300995.SZ|1|2568|2568
0|300310.SZ|1|2569|2569
0|300763.SZ|1|2570|2570
1|600230.SH|1|2571|2571
0|002634.SZ|1|2572|2572
1|601106.SH|1|2573|2573
1|600867.SH|1|2574|2574
未知|920799.BJ|1|2575|2575
0|002081.SZ|1|2576|2576
0|300829.SZ|1|2577|2577
0|000883.SZ|1|2578|2578
0|002401.SZ|1|2579|2579
1|600148.SH|1|2580|2580
1|600552.SH|1|2581|2581
1|600481.SH|1|2582|2582
1|600234.SH|1|2583|2583
0|000638.SZ|1|2584|2584
1|603758.SH|1|2585|2585
0|002296.SZ|1|2586|2586
1|688321.SH|1|2587|2587
1|603683.SH|1|2588|2588
0|301606.SZ|1|2589|2589
0|000933.SZ|1|2590|2590
0|002919.SZ|1|2591|2591
0|000862.SZ|1|2592|2592
0|002041.SZ|1|2593|2593
0|300884.SZ|1|2594|2594
1|600645.SH|1|2595|2595
1|600328.SH|1|2596|2596
0|002897.SZ|1|2597|2597
1|600130.SH|1|2598|2598
1|600850.SH|1|2599|2599
1|600691.SH|1|2600|2600
0|000049.SZ|1|2601|2601
0|002839.SZ|1|2602|2602
0|301383.SZ|1|2603|2603
1|600022.SH|1|2604|2604
1|600370.SH|1|2605|2605
1|603566.SH|1|2606|2606
0|301169.SZ|1|2607|2607
1|600313.SH|1|2608|2608
0|002030.SZ|1|2609|2609
1|601975.SH|1|2610|2610
0|300761.SZ|1|2611|2611
1|603611.SH|1|2612|2612
0|002452.SZ|1|2613|2613
0|002536.SZ|1|2614|2614
1|603806.SH|1|2615|2615
0|300693.SZ|1|2616|2616
1|600076.SH|1|2617|2617
1|601798.SH|1|2618|2618
1|603321.SH|1|2619|2619
1|603209.SH|1|2620|2620
2|835892.BJ|1|2621|2621
1|603858.SH|1|2622|2622
0|300647.SZ|1|2623|2623
1|601033.SH|1|2624|2624
1|600241.SH|1|2625|2625
0|002223.SZ|1|2626|2626
0|002511.SZ|1|2627|2627
1|600199.SH|1|2628|2628
0|300791.SZ|1|2629|2629
0|000897.SZ|1|2630|2630
0|002880.SZ|1|2631|2631
0|000700.SZ|1|2632|2632
1|600697.SH|1|2633|2633
0|002321.SZ|1|2634|2634
0|300228.SZ|1|2635|2635
0|301489.SZ|1|2636|2636
0|300456.SZ|1|2637|2637
0|001319.SZ|1|2638|2638
0|300105.SZ|1|2639|2639
0|002075.SZ|1|2640|2640
1|601990.SH|1|2641|2641
1|603871.SH|1|2642|2642
1|688120.SH|1|2643|2643
0|001219.SZ|1|2644|2644
1|600827.SH|1|2645|2645
1|688608.SH|1|2646|2646
0|301488.SZ|1|2647|2647
0|301511.SZ|1|2648|2648
2|834261.BJ|1|2649|2649
0|002451.SZ|1|2650|2650
0|002906.SZ|1|2651|2651
1|600526.SH|1|2652|2652
2|831832.BJ|1|2653|2653
1|601199.SH|1|2654|2654
0|000410.SZ|1|2655|2655
1|688428.SH|1|2656|2656
0|002231.SZ|1|2657|2657
1|603327.SH|1|2658|2658
1|603499.SH|1|2659|2659
0|002803.SZ|1|2660|2660
0|002591.SZ|1|2661|2661
1|601828.SH|1|2662|2662
1|603290.SH|1|2663|2663
0|001335.SZ|1|2664|2664
0|002144.SZ|1|2665|2665
1|688536.SH|1|2666|2666
0|300034.SZ|1|2667|2667
1|603516.SH|1|2668|2668
0|002933.SZ|1|2669|2669
0|002054.SZ|1|2670|2670
1|605218.SH|1|2671|2671
0|301636.SZ|1|2672|2672
0|002033.SZ|1|2673|2673
1|601601.SH|1|2674|2674
1|600696.SH|1|2675|2675
1|605169.SH|1|2676|2676
0|002106.SZ|1|2677|2677
0|000619.SZ|1|2678|2678
1|600654.SH|1|2679|2679
0|000829.SZ|1|2680|2680
0|300205.SZ|1|2681|2681
0|000156.SZ|1|2682|2682
0|300278.SZ|1|2683|2683
0|301157.SZ|1|2684|2684
1|600730.SH|1|2685|2685
1|603580.SH|1|2686|2686
0|300613.SZ|1|2687|2687
1|600268.SH|1|2688|2688
0|300477.SZ|1|2689|2689
0|300619.SZ|1|2690|2690
0|301608.SZ|1|2691|2691
0|003023.SZ|1|2692|2692
0|001306.SZ|1|2693|2693
1|600331.SH|1|2694|2694
1|600246.SH|1|2695|2695
1|600538.SH|1|2696|2696
0|002060.SZ|1|2697|2697
0|300001.SZ|1|2698|2698
0|000550.SZ|1|2699|2699
0|002967.SZ|1|2700|2700
0|002948.SZ|1|2701|2701
0|002534.SZ|1|2702|2702
0|001228.SZ|1|2703|2703
1|603898.SH|1|2704|2704
1|688621.SH|1|2705|2705
0|001333.SZ|1|2706|2706
0|002943.SZ|1|2707|2707
1|603737.SH|1|2708|2708
1|600071.SH|1|2709|2709
0|002149.SZ|1|2710|2710
0|300218.SZ|1|2711|2711
0|300461.SZ|1|2712|2712
1|603091.SH|1|2713|2713
0|002889.SZ|1|2714|2714
0|300268.SZ|1|2715|2715
1|600429.SH|1|2716|2716
1|600539.SH|1|2717|2717
1|603350.SH|1|2718|2718
1|601677.SH|1|2719|2719
1|603227.SH|1|2720|2720
1|600560.SH|1|2721|2721
1|601001.SH|1|2722|2722
1|600408.SH|1|2723|2723
1|603977.SH|1|2724|2724
0|300940.SZ|1|2725|2725
0|300390.SZ|1|2726|2726
1|603903.SH|1|2727|2727
0|000589.SZ|1|2728|2728
1|603278.SH|1|2729|2729
1|601107.SH|1|2730|2730
0|002458.SZ|1|2731|2731
0|000936.SZ|1|2732|2732
1|600933.SH|1|2733|2733
0|000598.SZ|1|2734|2734
0|000655.SZ|1|2735|2735
0|300103.SZ|1|2736|2736
0|301238.SZ|1|2737|2737
0|002650.SZ|1|2738|2738
1|600707.SH|1|2739|2739
0|002830.SZ|1|2740|2740
1|600511.SH|1|2741|2741
0|002455.SZ|1|2742|2742
0|002752.SZ|1|2743|2743
1|603790.SH|1|2744|2744
0|300572.SZ|1|2745|2745
0|301361.SZ|1|2746|2746
1|600235.SH|1|2747|2747
0|301029.SZ|1|2748|2748
0|002068.SZ|1|2749|2749
1|600724.SH|1|2750|2750
0|002442.SZ|1|2751|2751
0|002327.SZ|1|2752|2752
0|002572.SZ|1|2753|2753
1|601330.SH|1|2754|2754
0|002807.SZ|1|2755|2755
0|002392.SZ|1|2756|2756
0|300479.SZ|1|2757|2757
0|300919.SZ|1|2758|2758
0|000014.SZ|1|2759|2759
1|603730.SH|1|2760|2760
0|301058.SZ|1|2761|2761
0|300429.SZ|1|2762|2762
0|300594.SZ|1|2763|2763
1|600761.SH|1|2764|2764
0|000788.SZ|1|2765|2765
0|002585.SZ|1|2766|2766
0|002363.SZ|1|2767|2767
0|301371.SZ|1|2768|2768
0|300027.SZ|1|2769|2769
0|300374.SZ|1|2770|2770
1|600449.SH|1|2771|2771
1|600061.SH|1|2772|2772
0|301560.SZ|1|2773|2773
1|600792.SH|1|2774|2774
1|603172.SH|1|2775|2775
1|603589.SH|1|2776|2776
1|603080.SH|1|2777|2777
0|300054.SZ|1|2778|2778
1|600305.SH|1|2779|2779
0|000713.SZ|1|2780|2780
1|688076.SH|1|2781|2781
0|001201.SZ|1|2782|2782
0|003015.SZ|1|2783|2783
1|688601.SH|1|2784|2784
0|300087.SZ|1|2785|2785
0|002791.SZ|1|2786|2786
0|001376.SZ|1|2787|2787
0|301368.SZ|1|2788|2788
0|000715.SZ|1|2789|2789
1|600262.SH|1|2790|2790
1|603185.SH|1|2791|2791
0|000930.SZ|1|2792|2792
1|603458.SH|1|2793|2793
1|603612.SH|1|2794|2794
0|300854.SZ|1|2795|2795
1|600367.SH|1|2796|2796
1|605339.SH|1|2797|2797
0|002667.SZ|1|2798|2798
0|002736.SZ|1|2799|2799
0|000534.SZ|1|2800|2800
0|300721.SZ|1|2801|2801
0|002468.SZ|1|2802|2802
0|300209.SZ|1|2803|2803
1|600215.SH|1|2804|2804
0|300605.SZ|1|2805|2805
0|301139.SZ|1|2806|2806
0|000757.SZ|1|2807|2807
0|300091.SZ|1|2808|2808
0|002267.SZ|1|2809|2809
1|603189.SH|1|2810|2810
0|002059.SZ|1|2811|2811
1|688222.SH|1|2812|2812
1|600722.SH|1|2813|2813
1|600315.SH|1|2814|2814
1|600141.SH|1|2815|2815
2|870199.BJ|1|2816|2816
2|833781.BJ|1|2817|2817
0|301256.SZ|1|2818|2818
1|603159.SH|1|2819|2819
0|000019.SZ|1|2820|2820
0|002962.SZ|1|2821|2821
0|300827.SZ|1|2822|2822
1|600927.SH|1|2823|2823
0|000683.SZ|1|2824|2824
0|000978.SZ|1|2825|2825
0|301528.SZ|1|2826|2826
0|000537.SZ|1|2827|2827
0|300838.SZ|1|2828|2828
0|002723.SZ|1|2829|2829
0|002193.SZ|1|2830|2830
1|688410.SH|1|2831|2831
0|002192.SZ|1|2832|2832
1|600622.SH|1|2833|2833
1|600706.SH|1|2834|2834
1|601566.SH|1|2835|2835
0|300564.SZ|1|2836|2836
0|300188.SZ|1|2837|2837
1|603619.SH|1|2838|2838
0|300266.SZ|1|2839|2839
0|002571.SZ|1|2840|2840
1|600103.SH|1|2841|2841
1|601111.SH|1|2842|2842
0|002966.SZ|1|2843|2843
0|002597.SZ|1|2844|2844
1|605588.SH|1|2845|2845
0|002893.SZ|1|2846|2846
0|301042.SZ|1|2847|2847
1|603117.SH|1|2848|2848
0|002655.SZ|1|2849|2849
0|301566.SZ|1|2850|2850
1|601619.SH|1|2851|2851
1|688382.SH|1|2852|2852
0|301421.SZ|1|2853|2853
1|603179.SH|1|2854|2854
1|603798.SH|1|2855|2855
1|605266.SH|1|2856|2856
1|600422.SH|1|2857|2857
0|002301.SZ|1|2858|2858
0|002985.SZ|1|2859|2859
0|300518.SZ|1|2860|2860
1|600833.SH|1|2861|2861
1|600193.SH|1|2862|2862
0|300098.SZ|1|2863|2863
1|600909.SH|1|2864|2864
1|600871.SH|1|2865|2865
0|000802.SZ|1|2866|2866
0|300437.SZ|1|2867|2867
1|601818.SH|1|2868|2868
0|002051.SZ|1|2869|2869
0|002918.SZ|1|2870|2870
0|002589.SZ|1|2871|2871
1|600420.SH|1|2872|2872
1|688692.SH|1|2873|2873
0|002970.SZ|1|2874|2874
1|600864.SH|1|2875|2875
1|688472.SH|1|2876|2876
0|300912.SZ|1|2877|2877
0|301333.SZ|1|2878|2878
1|600337.SH|1|2879|2879
1|600653.SH|1|2880|2880
0|301370.SZ|1|2881|2881
1|600348.SH|1|2882|2882
1|601949.SH|1|2883|2883
1|605086.SH|1|2884|2884
0|000027.SZ|1|2885|2885
0|002729.SZ|1|2886|2886
0|300382.SZ|1|2887|2887
1|600067.SH|1|2888|2888
0|000061.SZ|1|2889|2889
0|300770.SZ|1|2890|2890
1|600609.SH|1|2891|2891
0|301211.SZ|1|2892|2892
0|300850.SZ|1|2893|2893
0|300627.SZ|1|2894|2894
0|002768.SZ|1|2895|2895
0|002083.SZ|1|2896|2896
0|002622.SZ|1|2897|2897
1|688591.SH|1|2898|2898
0|300044.SZ|1|2899|2899
0|300357.SZ|1|2900|2900
0|002207.SZ|1|2901|2901
1|603505.SH|1|2902|2902
0|002022.SZ|1|2903|2903
0|000584.SZ|1|2904|2904
1|600131.SH|1|2905|2905
0|300950.SZ|1|2906|2906
1|603882.SH|1|2907|2907
0|002614.SZ|1|2908|2908
0|300213.SZ|1|2909|2909
1|603822.SH|1|2910|2910
0|300769.SZ|1|2911|2911
1|601188.SH|1|2912|2912
1|600729.SH|1|2913|2913
1|605567.SH|1|2914|2914
0|000428.SZ|1|2915|2915
0|301083.SZ|1|2916|2916
1|600996.SH|1|2917|2917
0|300094.SZ|1|2918|2918
0|003039.SZ|1|2919|2919
0|300166.SZ|1|2920|2920
0|300455.SZ|1|2921|2921
1|603197.SH|1|2922|2922
1|603519.SH|1|2923|2923
0|300687.SZ|1|2924|2924
0|300092.SZ|1|2925|2925
0|002947.SZ|1|2926|2926
0|300843.SZ|1|2927|2927
1|603855.SH|1|2928|2928
0|000012.SZ|1|2929|2929
0|001336.SZ|1|2930|2930
0|000688.SZ|1|2931|2931
0|300849.SZ|1|2932|2932
1|605378.SH|1|2933|2933
0|000563.SZ|1|2934|2934
0|002021.SZ|1|2935|2935
1|600778.SH|1|2936|2936
1|688303.SH|1|2937|2937
0|000554.SZ|1|2938|2938
2|831152.BJ|1|2939|2939
0|002613.SZ|1|2940|2940
1|688165.SH|1|2941|2941
2|837344.BJ|1|2942|2942
0|300173.SZ|1|2943|2943
0|300790.SZ|1|2944|2944
1|605133.SH|1|2945|2945
0|300817.SZ|1|2946|2946
0|000711.SZ|1|2947|2947
1|603031.SH|1|2948|2948
1|688573.SH|1|2949|2949
1|600892.SH|1|2950|2950
0|300751.SZ|1|2951|2951
0|002901.SZ|1|2952|2952
0|300880.SZ|1|2953|2953
1|600717.SH|1|2954|2954
0|002668.SZ|1|2955|2955
0|300462.SZ|1|2956|2956
1|603217.SH|1|2957|2957
0|002307.SZ|1|2958|2958
0|002488.SZ|1|2959|2959
0|300660.SZ|1|2960|2960
0|301052.SZ|1|2961|2961
0|000923.SZ|1|2962|2962
0|301110.SZ|1|2963|2963
1|601116.SH|1|2964|2964
1|605080.SH|1|2965|2965
2|835179.BJ|1|2966|2966
1|601808.SH|1|2967|2967
0|002032.SZ|1|2968|2968
0|002653.SZ|1|2969|2969
0|001400.SZ|1|2970|2970
0|002353.SZ|1|2971|2971
0|003032.SZ|1|2972|2972
1|600888.SH|1|2973|2973
1|603223.SH|1|2974|2974
1|688023.SH|1|2975|2975
1|603356.SH|1|2976|2976
0|300491.SZ|1|2977|2977
0|002078.SZ|1|2978|2978
0|300695.SZ|1|2979|2979
1|600790.SH|1|2980|2980
0|300743.SZ|1|2981|2981
0|301105.SZ|1|2982|2982
1|603757.SH|1|2983|2983
0|002140.SZ|1|2984|2984
1|601096.SH|1|2985|2985
0|002628.SZ|1|2986|2986
0|002677.SZ|1|2987|2987
1|603126.SH|1|2988|2988
0|003031.SZ|1|2989|2989
0|002868.SZ|1|2990|2990
1|600615.SH|1|2991|2991
1|603205.SH|1|2992|2992
0|300645.SZ|1|2993|2993
1|601233.SH|1|2994|2994
1|600503.SH|1|2995|2995
1|600258.SH|1|2996|2996
1|603759.SH|1|2997|2997
1|601636.SH|1|2998|2998
0|000921.SZ|1|2999|2999
0|002154.SZ|1|3000|3000
2|836419.BJ|1|3001|3001
0|301311.SZ|1|3002|3002
1|603112.SH|1|3003|3003
1|603838.SH|1|3004|3004
0|300968.SZ|1|3005|3005
1|603218.SH|1|3006|3006
0|002631.SZ|1|3007|3007
0|301121.SZ|1|3008|3008
1|603393.SH|1|3009|3009
0|002756.SZ|1|3010|3010
0|002885.SZ|1|3011|3011
0|002476.SZ|1|3012|3012
0|301038.SZ|1|3013|3013
1|605166.SH|1|3014|3014
1|688192.SH|1|3015|3015
0|000498.SZ|1|3016|3016
0|300050.SZ|1|3017|3017
0|300814.SZ|1|3018|3018
0|300316.SZ|1|3019|3019
1|605333.SH|1|3020|3020
0|002293.SZ|1|3021|3021
0|002404.SZ|1|3022|3022
1|603676.SH|1|3023|3023
0|000501.SZ|1|3024|3024
1|603969.SH|1|3025|3025
0|003019.SZ|1|3026|3026
0|002535.SZ|1|3027|3027
0|300013.SZ|1|3028|3028
1|603135.SH|1|3029|3029
1|600894.SH|1|3030|3030
1|688005.SH|1|3031|3031
0|002109.SZ|1|3032|3032
0|300118.SZ|1|3033|3033
1|600155.SH|1|3034|3034
1|603978.SH|1|3035|3035
0|300331.SZ|1|3036|3036
0|300580.SZ|1|3037|3037
0|301251.SZ|1|3038|3038
1|600015.SH|1|3039|3039
1|600533.SH|1|3040|3040
1|603100.SH|1|3041|3041
0|300250.SZ|1|3042|3042
0|000417.SZ|1|3043|3043
1|603341.SH|1|3044|3044
1|605111.SH|1|3045|3045
0|000720.SZ|1|3046|3046
0|002328.SZ|1|3047|3047
0|300354.SZ|1|3048|3048
1|600835.SH|1|3049|3049
0|300683.SZ|1|3050|3050
0|300953.SZ|1|3051|3051
0|002399.SZ|1|3052|3052
0|001286.SZ|1|3053|3053
0|300516.SZ|1|3054|3054
1|600595.SH|1|3055|3055
1|688047.SH|1|3056|3056
0|000623.SZ|1|3057|3057
0|002264.SZ|1|3058|3058
1|600876.SH|1|3059|3059
1|688510.SH|1|3060|3060
0|301101.SZ|1|3061|3061
1|601997.SH|1|3062|3062
1|688567.SH|1|3063|3063
0|002825.SZ|1|3064|3064
1|600323.SH|1|3065|3065
1|600537.SH|1|3066|3066
1|603587.SH|1|3067|3067
0|002899.SZ|1|3068|3068
0|300650.SZ|1|3069|3069
1|600020.SH|1|3070|3070
未知|920029.BJ|1|3071|3071
0|000004.SZ|1|3072|3072
0|002182.SZ|1|3073|3073
0|300449.SZ|1|3074|3074
0|300831.SZ|1|3075|3075
0|002774.SZ|1|3076|3076
1|600929.SH|1|3077|3077
1|600935.SH|1|3078|3078
0|000059.SZ|1|3079|3079
0|002959.SZ|1|3080|3080
0|300588.SZ|1|3081|3081
0|002573.SZ|1|3082|3082
0|301067.SZ|1|3083|3083
0|301303.SZ|1|3084|3084
1|600029.SH|1|3085|3085
1|601187.SH|1|3086|3086
1|603815.SH|1|3087|3087
0|300599.SZ|1|3088|3088
0|300222.SZ|1|3089|3089
0|300225.SZ|1|3090|3090
1|600719.SH|1|3091|3091
0|300358.SZ|1|3092|3092
0|301178.SZ|1|3093|3093
0|002496.SZ|1|3094|3094
1|600433.SH|1|3095|3095
1|600373.SH|1|3096|3096
0|001256.SZ|1|3097|3097
1|600208.SH|1|3098|3098
1|600642.SH|1|3099|3099
0|002243.SZ|1|3100|3100
